{
  "cond_cam": {
    "0": [
      [
        1.0,
        2.46879011456258e-07,
        -5.9526299159480024e-15,
        -23974.099609375
      ],
      [
        -2.46879011456258e-07,
        1.0,
        1.4695799612800236e-21,
        -896.7310180664062
      ],
      [
        5.9526299159480024e-15,
        7.289870064223305e-31,
        1.0,
        207.81199645996094
      ],
      [
        0.0,
        0.0,
        0.0,
        1.0
      ]
    ],
    "1": [
      [
        1.0,
        2.46879011456258e-07,
        -5.9526299159480024e-15,
        -23974.099609375
      ],
      [
        -2.46879011456258e-07,
        1.0,
        1.4695799612800236e-21,
        -896.7310180664062
      ],
      [
        5.9526299159480024e-15,
        7.289870064223305e-31,
        1.0,
        207.81199645996094
      ],
      [
        0.0,
        0.0,
        0.0,
        1.0
      ]
    ],
    "2": [
      [
        1.0,
        2.46879011456258e-07,
        -5.9526299159480024e-15,
        -23974.099609375
      ],
      [
        -2.46879011456258e-07,
        1.0,
        1.4695799612800236e-21,
        -896.7310180664062
      ],
      [
        5.9526299159480024e-15,
        7.289870064223305e-31,
        1.0,
        207.81199645996094
      ],
      [
        0.0,
        0.0,
        0.0,
        1.0
      ]
    ],
    "3": [
      [
        1.0,
        2.46879011456258e-07,
        -5.9526299159480024e-15,
        -23986.099609375
      ],
      [
        -2.46879011456258e-07,
        1.0,
        1.4695799612800236e-21,
        -896.7310180664062
      ],
      [
        5.9526299159480024e-15,
        7.289870064223305e-31,
        1.0,
        207.81199645996094
      ],
      [
        0.0,
        0.0,
        0.0,
        1.0
      ]
    ],
    "4": [
      [
        1.0,
        2.46879011456258e-07,
        -5.9526299159480024e-15,
        -23998.099609375
      ],
      [
        -2.46879011456258e-07,
        1.0,
        1.4695799612800236e-21,
        -896.7310180664062
      ],
      [
        5.9526299159480024e-15,
        7.289870064223305e-31,
        1.0,
        207.81199645996094
      ],
      [
        0.0,
        0.0,
        0.0,
        1.0
      ]
    ],
    "5": [
      [
        1.0,
        2.46879011456258e-07,
        -5.9526299159480024e-15,
        -24010.099609375
      ],
      [
        -2.46879011456258e-07,
        1.0,
        1.4695799612800236e-21,
        -896.7310180664062
      ],
      [
        5.9526299159480024e-15,
        7.289870064223305e-31,
        1.0,
        207.81199645996094
      ],
      [
        0.0,
        0.0,
        0.0,
        1.0
      ]
    ],
    "6": [
      [
        1.0,
        2.46879011456258e-07,
        -5.9526299159480024e-15,
        -24022.099609375
      ],
      [
        -2.46879011456258e-07,
        1.0,
        1.4695799612800236e-21,
        -896.7310180664062
      ],
      [
        5.9526299159480024e-15,
        7.289870064223305e-31,
        1.0,
        207.81199645996094
      ],
      [
        0.0,
        0.0,
        0.0,
        1.0
      ]
    ],
    "7": [
      [
        1.0,
        2.46879011456258e-07,
        -5.9526299159480024e-15,
        -24034.099609375
      ],
      [
        -2.46879011456258e-07,
        1.0,
        1.4695799612800236e-21,
        -896.7310180664062
      ],
      [
        5.9526299159480024e-15,
        7.289870064223305e-31,
        1.0,
        207.81199645996094
      ],
      [
        0.0,
        0.0,
        0.0,
        1.0
      ]
    ],
    "8": [
      [
        1.0,
        2.46879011456258e-07,
        -5.9526299159480024e-15,
        -24046.099609375
      ],
      [
        -2.46879011456258e-07,
        1.0,
        1.4695799612800236e-21,
        -896.7310180664062
      ],
      [
        5.9526299159480024e-15,
        7.289870064223305e-31,
        1.0,
        207.81199645996094
      ],
      [
        0.0,
        0.0,
        0.0,
        1.0
      ]
    ],
    "9": [
      [
        1.0,
        2.46879011456258e-07,
        -5.9526299159480024e-15,
        -24058.099609375
      ],
      [
        -2.46879011456258e-07,
        1.0,
        1.4695799612800236e-21,
        -896.7310180664062
      ],
      [
        5.9526299159480024e-15,
        7.289870064223305e-31,
        1.0,
        207.81199645996094
      ],
      [
        0.0,
        0.0,
        0.0,
        1.0
      ]
    ],
    "10": [
      [
        1.0,
        2.46879011456258e-07,
        -5.9526299159480024e-15,
        -24070.099609375
      ],
      [
        -2.46879011456258e-07,
        1.0,
        1.4695799612800236e-21,
        -896.7310180664062
      ],
      [
        5.9526299159480024e-15,
        7.289870064223305e-31,
        1.0,
        207.81199645996094
      ],
      [
        0.0,
        0.0,
        0.0,
        1.0
      ]
    ],
    "11": [
      [
        1.0,
        2.46879011456258e-07,
        -5.9526299159480024e-15,
        -24082.099609375
      ],
      [
        -2.46879011456258e-07,
        1.0,
        1.4695799612800236e-21,
        -896.7310180664062
      ],
      [
        5.9526299159480024e-15,
        7.289870064223305e-31,
        1.0,
        207.81199645996094
      ],
      [
        0.0,
        0.0,
        0.0,
        1.0
      ]
    ],
    "12": [
      [
        1.0,
        2.46879011456258e-07,
        -5.9526299159480024e-15,
        -24094.099609375
      ],
      [
        -2.46879011456258e-07,
        1.0,
        1.4695799612800236e-21,
        -896.7310180664062
      ],
      [
        5.9526299159480024e-15,
        7.289870064223305e-31,
        1.0,
        207.81199645996094
      ],
      [
        0.0,
        0.0,
        0.0,
        1.0
      ]
    ],
    "13": [
      [
        1.0,
        2.46879011456258e-07,
        -5.9526299159480024e-15,
        -24106.099609375
      ],
      [
        -2.46879011456258e-07,
        1.0,
        1.4695799612800236e-21,
        -896.7310180664062
      ],
      [
        5.9526299159480024e-15,
        7.289870064223305e-31,
        1.0,
        207.81199645996094
      ],
      [
        0.0,
        0.0,
        0.0,
        1.0
      ]
    ],
    "14": [
      [
        1.0,
        2.46879011456258e-07,
        -5.9526299159480024e-15,
        -24118.099609375
      ],
      [
        -2.46879011456258e-07,
        1.0,
        1.4695799612800236e-21,
        -896.7310180664062
      ],
      [
        5.9526299159480024e-15,
        7.289870064223305e-31,
        1.0,
        207.81199645996094
      ],
      [
        0.0,
        0.0,
        0.0,
        1.0
      ]
    ],
    "15": [
      [
        1.0,
        2.46879011456258e-07,
        -5.9526299159480024e-15,
        -24130.099609375
      ],
      [
        -2.46879011456258e-07,
        1.0,
        1.4695799612800236e-21,
        -896.7310180664062
      ],
      [
        5.9526299159480024e-15,
        7.289870064223305e-31,
        1.0,
        207.81199645996094
      ],
      [
        0.0,
        0.0,
        0.0,
        1.0
      ]
    ],
    "16": [
      [
        1.0,
        2.46879011456258e-07,
        -5.9526299159480024e-15,
        -24142.099609375
      ],
      [
        -2.46879011456258e-07,
        1.0,
        1.4695799612800236e-21,
        -896.7310180664062
      ],
      [
        5.9526299159480024e-15,
        7.289870064223305e-31,
        1.0,
        207.81199645996094
      ],
      [
        0.0,
        0.0,
        0.0,
        1.0
      ]
    ],
    "17": [
      [
        1.0,
        2.46879011456258e-07,
        -5.9526299159480024e-15,
        -24154.099609375
      ],
      [
        -2.46879011456258e-07,
        1.0,
        1.4695799612800236e-21,
        -896.7310180664062
      ],
      [
        5.9526299159480024e-15,
        7.289870064223305e-31,
        1.0,
        207.81199645996094
      ],
      [
        0.0,
        0.0,
        0.0,
        1.0
      ]
    ],
    "18": [
      [
        1.0,
        2.46879011456258e-07,
        -5.9526299159480024e-15,
        -24166.099609375
      ],
      [
        -2.46879011456258e-07,
        1.0,
        1.4695799612800236e-21,
        -896.7310180664062
      ],
      [
        5.9526299159480024e-15,
        7.289870064223305e-31,
        1.0,
        207.81199645996094
      ],
      [
        0.0,
        0.0,
        0.0,
        1.0
      ]
    ],
    "19": [
      [
        1.0,
        2.46879011456258e-07,
        -5.9526299159480024e-15,
        -24178.099609375
      ],
      [
        -2.46879011456258e-07,
        1.0,
        1.4695799612800236e-21,
        -896.7310180664062
      ],
      [
        5.9526299159480024e-15,
        7.289870064223305e-31,
        1.0,
        207.81199645996094
      ],
      [
        0.0,
        0.0,
        0.0,
        1.0
      ]
    ],
    "20": [
      [
        1.0,
        2.46879011456258e-07,
        -5.9526299159480024e-15,
        -24190.099609375
      ],
      [
        -2.46879011456258e-07,
        1.0,
        1.4695799612800236e-21,
        -896.7310180664062
      ],
      [
        5.9526299159480024e-15,
        7.289870064223305e-31,
        1.0,
        207.81199645996094
      ],
      [
        0.0,
        0.0,
        0.0,
        1.0
      ]
    ],
    "21": [
      [
        1.0,
        2.46879011456258e-07,
        -5.9526299159480024e-15,
        -24202.099609375
      ],
      [
        -2.46879011456258e-07,
        1.0,
        1.4695799612800236e-21,
        -896.7310180664062
      ],
      [
        5.9526299159480024e-15,
        7.289870064223305e-31,
        1.0,
        207.81199645996094
      ],
      [
        0.0,
        0.0,
        0.0,
        1.0
      ]
    ],
    "22": [
      [
        1.0,
        2.46879011456258e-07,
        -5.9526299159480024e-15,
        -24214.099609375
      ],
      [
        -2.46879011456258e-07,
        1.0,
        1.4695799612800236e-21,
        -896.7310180664062
      ],
      [
        5.9526299159480024e-15,
        7.289870064223305e-31,
        1.0,
        207.81199645996094
      ],
      [
        0.0,
        0.0,
        0.0,
        1.0
      ]
    ],
    "23": [
      [
        1.0,
        2.46879011456258e-07,
        -5.9526299159480024e-15,
        -24226.099609375
      ],
      [
        -2.46879011456258e-07,
        1.0,
        1.4695799612800236e-21,
        -896.7310180664062
      ],
      [
        5.9526299159480024e-15,
        7.289870064223305e-31,
        1.0,
        207.81199645996094
      ],
      [
        0.0,
        0.0,
        0.0,
        1.0
      ]
    ],
    "24": [
      [
        1.0,
        2.46879011456258e-07,
        -5.9526299159480024e-15,
        -24238.099609375
      ],
      [
        -2.46879011456258e-07,
        1.0,
        1.4695799612800236e-21,
        -896.7310180664062
      ],
      [
        5.9526299159480024e-15,
        7.289870064223305e-31,
        1.0,
        207.81199645996094
      ],
      [
        0.0,
        0.0,
        0.0,
        1.0
      ]
    ],
    "25": [
      [
        1.0,
        2.46879011456258e-07,
        -5.9526299159480024e-15,
        -24250.099609375
      ],
      [
        -2.46879011456258e-07,
        1.0,
        1.4695799612800236e-21,
        -896.7310180664062
      ],
      [
        5.9526299159480024e-15,
        7.289870064223305e-31,
        1.0,
        207.81199645996094
      ],
      [
        0.0,
        0.0,
        0.0,
        1.0
      ]
    ],
    "26": [
      [
        1.0,
        2.46879011456258e-07,
        -5.9526299159480024e-15,
        -24262.099609375
      ],
      [
        -2.46879011456258e-07,
        1.0,
        1.4695799612800236e-21,
        -896.7310180664062
      ],
      [
        5.9526299159480024e-15,
        7.289870064223305e-31,
        1.0,
        207.81199645996094
      ],
      [
        0.0,
        0.0,
        0.0,
        1.0
      ]
    ],
    "27": [
      [
        1.0,
        2.46879011456258e-07,
        -5.9526299159480024e-15,
        -24274.099609375
      ],
      [
        -2.46879011456258e-07,
        1.0,
        1.4695799612800236e-21,
        -896.7310180664062
      ],
      [
        5.9526299159480024e-15,
        7.289870064223305e-31,
        1.0,
        207.81199645996094
      ],
      [
        0.0,
        0.0,
        0.0,
        1.0
      ]
    ],
    "28": [
      [
        1.0,
        2.46879011456258e-07,
        -5.9526299159480024e-15,
        -24286.099609375
      ],
      [
        -2.46879011456258e-07,
        1.0,
        1.4695799612800236e-21,
        -896.7310180664062
      ],
      [
        5.9526299159480024e-15,
        7.289870064223305e-31,
        1.0,
        207.81199645996094
      ],
      [
        0.0,
        0.0,
        0.0,
        1.0
      ]
    ],
    "29": [
      [
        1.0,
        2.46879011456258e-07,
        -5.9526299159480024e-15,
        -24298.099609375
      ],
      [
        -2.46879011456258e-07,
        1.0,
        1.4695799612800236e-21,
        -896.7310180664062
      ],
      [
        5.9526299159480024e-15,
        7.289870064223305e-31,
        1.0,
        207.81199645996094
      ],
      [
        0.0,
        0.0,
        0.0,
        1.0
      ]
    ],
    "30": [
      [
        1.0,
        2.46879011456258e-07,
        -5.9526299159480024e-15,
        -24310.099609375
      ],
      [
        -2.46879011456258e-07,
        1.0,
        1.4695799612800236e-21,
        -896.7310180664062
      ],
      [
        5.9526299159480024e-15,
        7.289870064223305e-31,
        1.0,
        207.81199645996094
      ],
      [
        0.0,
        0.0,
        0.0,
        1.0
      ]
    ],
    "31": [
      [
        1.0,
        2.46879011456258e-07,
        -5.9526299159480024e-15,
        -24322.099609375
      ],
      [
        -2.46879011456258e-07,
        1.0,
        1.4695799612800236e-21,
        -896.7310180664062
      ],
      [
        5.9526299159480024e-15,
        7.289870064223305e-31,
        1.0,
        207.81199645996094
      ],
      [
        0.0,
        0.0,
        0.0,
        1.0
      ]
    ],
    "32": [
      [
        1.0,
        2.46879011456258e-07,
        -5.9526299159480024e-15,
        -24334.099609375
      ],
      [
        -2.46879011456258e-07,
        1.0,
        1.4695799612800236e-21,
        -896.7310180664062
      ],
      [
        5.9526299159480024e-15,
        7.289870064223305e-31,
        1.0,
        207.81199645996094
      ],
      [
        0.0,
        0.0,
        0.0,
        1.0
      ]
    ],
    "33": [
      [
        1.0,
        2.46879011456258e-07,
        -5.9526299159480024e-15,
        -24346.099609375
      ],
      [
        -2.46879011456258e-07,
        1.0,
        1.4695799612800236e-21,
        -896.7310180664062
      ],
      [
        5.9526299159480024e-15,
        7.289870064223305e-31,
        1.0,
        207.81199645996094
      ],
      [
        0.0,
        0.0,
        0.0,
        1.0
      ]
    ],
    "34": [
      [
        1.0,
        2.46879011456258e-07,
        -5.9526299159480024e-15,
        -24358.099609375
      ],
      [
        -2.46879011456258e-07,
        1.0,
        1.4695799612800236e-21,
        -896.7310180664062
      ],
      [
        5.9526299159480024e-15,
        7.289870064223305e-31,
        1.0,
        207.81199645996094
      ],
      [
        0.0,
        0.0,
        0.0,
        1.0
      ]
    ],
    "35": [
      [
        1.0,
        2.46879011456258e-07,
        -5.9526299159480024e-15,
        -24370.099609375
      ],
      [
        -2.46879011456258e-07,
        1.0,
        1.4695799612800236e-21,
        -896.7310180664062
      ],
      [
        5.9526299159480024e-15,
        7.289870064223305e-31,
        1.0,
        207.81199645996094
      ],
      [
        0.0,
        0.0,
        0.0,
        1.0
      ]
    ],
    "36": [
      [
        1.0,
        2.46879011456258e-07,
        -5.9526299159480024e-15,
        -24382.099609375
      ],
      [
        -2.46879011456258e-07,
        1.0,
        1.4695799612800236e-21,
        -896.7310180664062
      ],
      [
        5.9526299159480024e-15,
        7.289870064223305e-31,
        1.0,
        207.81199645996094
      ],
      [
        0.0,
        0.0,
        0.0,
        1.0
      ]
    ],
    "37": [
      [
        1.0,
        2.46879011456258e-07,
        -5.9526299159480024e-15,
        -24394.099609375
      ],
      [
        -2.46879011456258e-07,
        1.0,
        1.4695799612800236e-21,
        -896.7310180664062
      ],
      [
        5.9526299159480024e-15,
        7.289870064223305e-31,
        1.0,
        207.81199645996094
      ],
      [
        0.0,
        0.0,
        0.0,
        1.0
      ]
    ],
    "38": [
      [
        1.0,
        2.46879011456258e-07,
        -5.9526299159480024e-15,
        -24406.099609375
      ],
      [
        -2.46879011456258e-07,
        1.0,
        1.4695799612800236e-21,
        -896.7310180664062
      ],
      [
        5.9526299159480024e-15,
        7.289870064223305e-31,
        1.0,
        207.81199645996094
      ],
      [
        0.0,
        0.0,
        0.0,
        1.0
      ]
    ],
    "39": [
      [
        1.0,
        2.46879011456258e-07,
        -5.9526299159480024e-15,
        -24418.099609375
      ],
      [
        -2.46879011456258e-07,
        1.0,
        1.4695799612800236e-21,
        -896.7310180664062
      ],
      [
        5.9526299159480024e-15,
        7.289870064223305e-31,
        1.0,
        207.81199645996094
      ],
      [
        0.0,
        0.0,
        0.0,
        1.0
      ]
    ],
    "40": [
      [
        1.0,
        2.46879011456258e-07,
        -5.9526299159480024e-15,
        -24430.099609375
      ],
      [
        -2.46879011456258e-07,
        1.0,
        1.4695799612800236e-21,
        -896.7310180664062
      ],
      [
        5.9526299159480024e-15,
        7.289870064223305e-31,
        1.0,
        207.81199645996094
      ],
      [
        0.0,
        0.0,
        0.0,
        1.0
      ]
    ],
    "41": [
      [
        1.0,
        2.46879011456258e-07,
        -5.9526299159480024e-15,
        -24442.099609375
      ],
      [
        -2.46879011456258e-07,
        1.0,
        1.4695799612800236e-21,
        -896.7310180664062
      ],
      [
        5.9526299159480024e-15,
        7.289870064223305e-31,
        1.0,
        207.81199645996094
      ],
      [
        0.0,
        0.0,
        0.0,
        1.0
      ]
    ],
    "42": [
      [
        1.0,
        2.46879011456258e-07,
        -5.9526299159480024e-15,
        -24454.099609375
      ],
      [
        -2.46879011456258e-07,
        1.0,
        1.4695799612800236e-21,
        -896.7310180664062
      ],
      [
        5.9526299159480024e-15,
        7.289870064223305e-31,
        1.0,
        207.81199645996094
      ],
      [
        0.0,
        0.0,
        0.0,
        1.0
      ]
    ],
    "43": [
      [
        1.0,
        2.46879011456258e-07,
        -5.9526299159480024e-15,
        -24466.099609375
      ],
      [
        -2.46879011456258e-07,
        1.0,
        1.4695799612800236e-21,
        -896.7310180664062
      ],
      [
        5.9526299159480024e-15,
        7.289870064223305e-31,
        1.0,
        207.81199645996094
      ],
      [
        0.0,
        0.0,
        0.0,
        1.0
      ]
    ],
    "44": [
      [
        1.0,
        2.46879011456258e-07,
        -5.9526299159480024e-15,
        -24478.099609375
      ],
      [
        -2.46879011456258e-07,
        1.0,
        1.4695799612800236e-21,
        -896.7310180664062
      ],
      [
        5.9526299159480024e-15,
        7.289870064223305e-31,
        1.0,
        207.81199645996094
      ],
      [
        0.0,
        0.0,
        0.0,
        1.0
      ]
    ],
    "45": [
      [
        1.0,
        2.46879011456258e-07,
        -5.9526299159480024e-15,
        -24490.099609375
      ],
      [
        -2.46879011456258e-07,
        1.0,
        1.4695799612800236e-21,
        -896.7310180664062
      ],
      [
        5.9526299159480024e-15,
        7.289870064223305e-31,
        1.0,
        207.81199645996094
      ],
      [
        0.0,
        0.0,
        0.0,
        1.0
      ]
    ],
    "46": [
      [
        1.0,
        2.46879011456258e-07,
        -5.9526299159480024e-15,
        -24502.099609375
      ],
      [
        -2.46879011456258e-07,
        1.0,
        1.4695799612800236e-21,
        -896.7310180664062
      ],
      [
        5.9526299159480024e-15,
        7.289870064223305e-31,
        1.0,
        207.81199645996094
      ],
      [
        0.0,
        0.0,
        0.0,
        1.0
      ]
    ],
    "47": [
      [
        0.9999949932098389,
        0.0030676699243485928,
        -5.9526299159480024e-15,
        -24514.099609375
      ],
      [
        -0.0030676699243485928,
        0.9999949932098389,
        1.4695799612800236e-21,
        -896.7310180664062
      ],
      [
        5.952599846278375e-15,
        1.825919973074656e-17,
        1.0,
        207.81199645996094
      ],
      [
        0.0,
        0.0,
        0.0,
        1.0
      ]
    ],
    "48": [
      [
        0.9999309778213501,
        0.011778599582612514,
        -5.9526299159480024e-15,
        -24526.099609375
      ],
      [
        -0.011778599582612514,
        0.9999309778213501,
        1.4695799612800236e-21,
        -896.7310180664062
      ],
      [
        5.952219952001531e-15,
        7.011219929690905e-17,
        1.0,
        207.81199645996094
      ],
      [
        0.0,
        0.0,
        0.0,
        1.0
      ]
    ],
    "49": [
      [
        0.9996730089187622,
        0.02558000013232231,
        -5.9526299159480024e-15,
        -24538.099609375
      ],
      [
        -0.02558000013232231,
        0.9996730089187622,
        1.4695799612800236e-21,
        -896.7310180664062
      ],
      [
        5.950680046103423e-15,
        1.522669968771775e-16,
        1.0,
        207.81199645996094
      ],
      [
        0.0,
        0.0,
        0.0,
        1.0
      ]
    ],
    "50": [
      [
        0.9990350008010864,
        0.04391470178961754,
        -5.9526299159480024e-15,
        -24550.099609375
      ],
      [
        -0.04391470178961754,
        0.9990350008010864,
        1.4695799612800236e-21,
        -896.7310180664062
      ],
      [
        5.946889997180934e-15,
        2.6140598775592223e-16,
        1.0,
        207.81199645996094
      ],
      [
        0.0,
        0.0,
        0.0,
        1.0
      ]
    ],
    "51": [
      [
        0.9978049993515015,
        0.06621730327606201,
        -5.9526299159480024e-15,
        -24562.099609375
      ],
      [
        -0.06621730327606201,
        0.9978049993515015,
        1.4695799612800236e-21,
        -896.7310180664062
      ],
      [
        5.9395601975718686e-15,
        3.941659879114006e-16,
        1.0,
        207.81199645996094
      ],
      [
        0.0,
        0.0,
        0.0,
        1.0
      ]
    ],
    "52": [
      [
        0.9957669973373413,
        0.09191320091485977,
        -5.9526299159480024e-15,
        -24574.099609375
      ],
      [
        -0.09191320091485977,
        0.9957669973373413,
        1.4695799612800236e-21,
        -896.7310180664062
      ],
      [
        5.92742983873424e-15,
        5.471239916199702e-16,
        1.0,
        207.81199645996094
      ],
      [
        0.0,
        0.0,
        0.0,
        1.0
      ]
    ],
    "53": [
      [
        0.9927229881286621,
        0.12041699886322021,
        -5.9526299159480024e-15,
        -24586.099609375
      ],
      [
        -0.12041699886322021,
        0.9927229881286621,
        1.4695799612800236e-21,
        -896.7310180664062
      ],
      [
        5.909310109926576e-15,
        7.167940083174264e-16,
        1.0,
        207.81199645996094
      ],
      [
        0.0,
        0.0,
        0.0,
        1.0
      ]
    ],
    "54": [
      [
        0.9885129928588867,
        0.1511330008506775,
        -5.9526299159480024e-15,
        -24598.099609375
      ],
      [
        -0.1511330008506775,
        0.9885129928588867,
        1.4695799612800236e-21,
        -896.7310180664062
      ],
      [
        5.88424979314911e-15,
        8.996389872347127e-16,
        1.0,
        207.81199645996094
      ],
      [
        0.0,
        0.0,
        0.0,
        1.0
      ]
    ],
    "55": [
      [
        0.9830269813537598,
        0.183461993932724,
        -5.9526299159480024e-15,
        -24610.099609375
      ],
      [
        -0.183461993932724,
        0.9830269813537598,
        1.4695799612800236e-21,
        -896.7310180664062
      ],
      [
        5.851589896768879e-15,
        1.092080002411443e-15,
        1.0,
        207.81199645996094
      ],
      [
        0.0,
        0.0,
        0.0,
        1.0
      ]
    ],
    "56": [
      [
        0.9762160181999207,
        0.21680200099945068,
        -5.9526299159480024e-15,
        -24622.099609375
      ],
      [
        -0.21680200099945068,
        0.9762160181999207,
        1.4695799612800236e-21,
        -896.7310180664062
      ],
      [
        5.811050052880341e-15,
        1.2905400337113624e-15,
        1.0,
        207.81199645996094
      ],
      [
        0.0,
        0.0,
        0.0,
        1.0
      ]
    ],
    "57": [
      [
        0.9681029915809631,
        0.25055399537086487,
        -5.9526299159480024e-15,
        -24634.099609375
      ],
      [
        -0.25055399537086487,
        0.9681029915809631,
        1.4695799612800236e-21,
        -896.7310180664062
      ],
      [
        5.762759857524426e-15,
        1.4914500019320965e-15,
        1.0,
        207.81199645996094
      ],
      [
        0.0,
        0.0,
        0.0,
        1.0
      ]
    ],
    "58": [
      [
        0.9587849974632263,
        0.2841329872608185,
        -5.9526299159480024e-15,
        -24646.099609375
      ],
      [
        -0.2841329872608185,
        0.9587849974632263,
        1.4695799612800236e-21,
        -896.7310180664062
      ],
      [
        5.707290210907583e-15,
        1.691340036605218e-15,
        1.0,
        207.81199645996094
      ],
      [
        0.0,
        0.0,
        0.0,
        1.0
      ]
    ],
    "59": [
      [
        0.9484339952468872,
        0.3169730007648468,
        -5.9526299159480024e-15,
        -24658.099609375
      ],
      [
        -0.3169730007648468,
        0.9484339952468872,
        1.4695799612800236e-21,
        -896.7310180664062
      ],
      [
        5.645679998939621e-15,
        1.8868201001175783e-15,
        1.0,
        207.81199645996094
      ],
      [
        0.0,
        0.0,
        0.0,
        1.0
      ]
    ],
    "60": [
      [
        0.937296986579895,
        0.3485319912433624,
        -5.9526299159480024e-15,
        -24670.099609375
      ],
      [
        -0.3485319912433624,
        0.937296986579895,
        1.4695799612800236e-21,
        -896.7310180664062
      ],
      [
        5.579380189059185e-15,
        2.0746799375990837e-15,
        1.0,
        207.81199645996094
      ],
      [
        0.0,
        0.0,
        0.0,
        1.0
      ]
    ],
    "61": [
      [
        0.9256849884986877,
        0.37829500436782837,
        -5.9526299159480024e-15,
        -24682.099609375
      ],
      [
        -0.37829500436782837,
        0.9256849884986877,
        1.4695799612800236e-21,
        -896.7310180664062
      ],
      [
        5.510260182980866e-15,
        2.251850007528003e-15,
        1.0,
        207.81199645996094
      ],
      [
        0.0,
        0.0,
        0.0,
        1.0
      ]
    ],
    "62": [
      [
        0.9139689803123474,
        0.4057829976081848,
        -5.9526299159480024e-15,
        -24694.099609375
      ],
      [
        -0.4057829976081848,
        0.9139689803123474,
        1.4695799612800236e-21,
        -896.7310180664062
      ],
      [
        5.440520148785157e-15,
        2.4154700913996954e-15,
        1.0,
        207.81199645996094
      ],
      [
        0.0,
        0.0,
        0.0,
        1.0
      ]
    ],
    "63": [
      [
        0.9025689959526062,
        0.43054598569869995,
        -5.9526299159480024e-15,
        -24706.099609375
      ],
      [
        -0.43054598569869995,
        0.9025689959526062,
        1.4695799612800236e-21,
        -896.7310180664062
      ],
      [
        5.3726601042158786e-15,
        2.5628800822433085e-15,
        1.0,
        207.81199645996094
      ],
      [
        0.0,
        0.0,
        0.0,
        1.0
      ]
    ],
    "64": [
      [
        0.8919349908828735,
        0.4521630108356476,
        -5.9526299159480024e-15,
        -24718.099609375
      ],
      [
        -0.4521630108356476,
        0.8919349908828735,
        1.4695799612800236e-21,
        -896.7310180664062
      ],
      [
        5.309360061518144e-15,
        2.691560057040761e-15,
        1.0,
        207.81199645996094
      ],
      [
        0.0,
        0.0,
        0.0,
        1.0
      ]
    ],
    "65": [
      [
        0.8825399875640869,
        0.47023698687553406,
        -5.9526299159480024e-15,
        -24730.099609375
      ],
      [
        -0.47023698687553406,
        0.8825399875640869,
        1.4695799612800236e-21,
        -896.7310180664062
      ],
      [
        5.253430052494469e-15,
        2.7991499702427654e-15,
        1.0,
        207.81199645996094
      ],
      [
        0.0,
        0.0,
        0.0,
        1.0
      ]
    ],
    "66": [
      [
        0.8748559951782227,
        0.4843829870223999,
        -5.9526299159480024e-15,
        -24742.099609375
      ],
      [
        -0.4843829870223999,
        0.8748559951782227,
        1.4695799612800236e-21,
        -896.7310180664062
      ],
      [
        5.207689849826263e-15,
        2.8833499156392895e-15,
        1.0,
        207.81199645996094
      ],
      [
        0.0,
        0.0,
        0.0,
        1.0
      ]
    ],
    "67": [
      [
        0.8693389892578125,
        0.49421700835227966,
        -5.9526299159480024e-15,
        -24754.099609375
      ],
      [
        -0.49421700835227966,
        0.8693389892578125,
        1.4695799612800236e-21,
        -896.7310180664062
      ],
      [
        5.17484995894474e-15,
        2.9418900566899287e-15,
        1.0,
        207.81199645996094
      ],
      [
        0.0,
        0.0,
        0.0,
        1.0
      ]
    ],
    "68": [
      [
        0.8664069771766663,
        0.4993390142917633,
        -5.9526299159480024e-15,
        -24766.099609375
      ],
      [
        -0.4993390142917633,
        0.8664069771766663,
        1.4695799612800236e-21,
        -896.7310180664062
      ],
      [
        5.1573998096818806e-15,
        2.9723800664175314e-15,
        1.0,
        207.81199645996094
      ],
      [
        0.0,
        0.0,
        0.0,
        1.0
      ]
    ],
    "69": [
      [
        0.8664069771766663,
        0.4993390142917633,
        -5.9526299159480024e-15,
        -24778.099609375
      ],
      [
        -0.4993390142917633,
        0.8664069771766663,
        1.4695799612800236e-21,
        -896.7310180664062
      ],
      [
        5.1573998096818806e-15,
        2.9723800664175314e-15,
        1.0,
        207.81199645996094
      ],
      [
        0.0,
        0.0,
        0.0,
        1.0
      ]
    ],
    "70": [
      [
        0.8693410158157349,
        0.49421200156211853,
        -5.9526299159480024e-15,
        -24790.099609375
      ],
      [
        -0.49421200156211853,
        0.8693410158157349,
        1.4695799612800236e-21,
        -896.7310180664062
      ],
      [
        5.1748698642190005e-15,
        2.9418599870203012e-15,
        1.0,
        207.81199645996094
      ],
      [
        0.0,
        0.0,
        0.0,
        1.0
      ]
    ],
    "71": [
      [
        0.8748630285263062,
        0.48436999320983887,
        -5.9526299159480024e-15,
        -24802.099609375
      ],
      [
        -0.48436999320983887,
        0.8748630285263062,
        1.4695799612800236e-21,
        -896.7310180664062
      ],
      [
        5.207739824770151e-15,
        2.883280035421141e-15,
        1.0,
        207.81199645996094
      ],
      [
        0.0,
        0.0,
        0.0,
        1.0
      ]
    ],
    "72": [
      [
        0.882552981376648,
        0.47021299600601196,
        -5.9526299159480024e-15,
        -24814.099609375
      ],
      [
        -0.47021299600601196,
        0.882552981376648,
        1.4695799612800236e-21,
        -896.7310180664062
      ],
      [
        5.253510097107984e-15,
        2.7990000454111014e-15,
        1.0,
        207.81199645996094
      ],
      [
        0.0,
        0.0,
        0.0,
        1.0
      ]
    ],
    "73": [
      [
        0.8919550180435181,
        0.4521239995956421,
        -5.9526299159480024e-15,
        -24826.099609375
      ],
      [
        -0.4521239995956421,
        0.8919550180435181,
        1.4695799612800236e-21,
        -896.7310180664062
      ],
      [
        5.30947991668018e-15,
        2.6913300875955814e-15,
        1.0,
        207.81199645996094
      ],
      [
        0.0,
        0.0,
        0.0,
        1.0
      ]
    ],
    "74": [
      [
        0.9025949835777283,
        0.43048998713493347,
        -5.9526299159480024e-15,
        -24838.099609375
      ],
      [
        -0.43048998713493347,
        0.9025949835777283,
        1.4695799612800236e-21,
        -896.7310180664062
      ],
      [
        5.37282019344291e-15,
        2.562549951152116e-15,
        1.0,
        207.81199645996094
      ],
      [
        0.0,
        0.0,
        0.0,
        1.0
      ]
    ],
    "75": [
      [
        0.9140030145645142,
        0.405707985162735,
        -5.9526299159480024e-15,
        -24850.099609375
      ],
      [
        -0.405707985162735,
        0.9140030145645142,
        1.4695799612800236e-21,
        -896.7310180664062
      ],
      [
        5.440720048560709e-15,
        2.4150300577835968e-15,
        1.0,
        207.81199645996094
      ],
      [
        0.0,
        0.0,
        0.0,
        1.0
      ]
    ],
    "76": [
      [
        0.9140030145645142,
        0.405707985162735,
        -5.9526299159480024e-15,
        -24850.099609375
      ],
      [
        -0.405707985162735,
        0.9140030145645142,
        1.4695799612800236e-21,
        -896.7310180664062
      ],
      [
        5.440720048560709e-15,
        2.4150300577835968e-15,
        1.0,
        207.81199645996094
      ],
      [
        0.0,
        0.0,
        0.0,
        1.0
      ]
    ]
  },
  "tgt_cam": {
    "0": [
      [
        0.9257240295410156,
        0.3782010078430176,
        -5.9526299159480024e-15,
        -24862.099609375
      ],
      [
        -0.3782010078430176,
        0.9257240295410156,
        1.4695799612800236e-21,
        -896.7310180664062
      ],
      [
        5.5104901524260456e-15,
        2.251289906991631e-15,
        1.0,
        207.81199645996094
      ],
      [
        0.0,
        0.0,
        0.0,
        1.0
      ]
    ],
    "1": [
      [
        0.9257240295410156,
        0.3782010078430176,
        -5.9526299159480024e-15,
        -24862.099609375
      ],
      [
        -0.3782010078430176,
        0.9257240295410156,
        1.4695799612800236e-21,
        -896.7310180664062
      ],
      [
        5.5104901524260456e-15,
        2.251289906991631e-15,
        1.0,
        207.81199645996094
      ],
      [
        0.0,
        0.0,
        0.0,
        1.0
      ]
    ],
    "2": [
      [
        0.9373400211334229,
        0.3484170138835907,
        -5.9526299159480024e-15,
        -24874.099609375
      ],
      [
        -0.3484170138835907,
        0.9373400211334229,
        1.4695799612800236e-21,
        -896.7310180664062
      ],
      [
        5.5796398046575185e-15,
        2.0739999819006753e-15,
        1.0,
        207.81199645996094
      ],
      [
        0.0,
        0.0,
        0.0,
        1.0
      ]
    ],
    "3": [
      [
        0.9484789967536926,
        0.3168390095233917,
        -5.9526299159480024e-15,
        -24886.099609375
      ],
      [
        -0.3168390095233917,
        0.9484789967536926,
        1.4695799612800236e-21,
        -896.7310180664062
      ],
      [
        5.645950202449795e-15,
        1.8860200774988966e-15,
        1.0,
        207.81199645996094
      ],
      [
        0.0,
        0.0,
        0.0,
        1.0
      ]
    ],
    "4": [
      [
        0.9588299989700317,
        0.28397899866104126,
        -5.9526299159480024e-15,
        -24898.099609375
      ],
      [
        -0.28397899866104126,
        0.9588299989700317,
        1.4695799612800236e-21,
        -896.7310180664062
      ],
      [
        5.707559990901284e-15,
        1.690419947066263e-15,
        1.0,
        207.81199645996094
      ],
      [
        0.0,
        0.0,
        0.0,
        1.0
      ]
    ],
    "5": [
      [
        0.9681469798088074,
        0.2503829896450043,
        -5.9526299159480024e-15,
        -24910.099609375
      ],
      [
        -0.2503829896450043,
        0.9681469798088074,
        1.4695799612800236e-21,
        -896.7310180664062
      ],
      [
        5.763019896639233e-15,
        1.4904299625053655e-15,
        1.0,
        207.81199645996094
      ],
      [
        0.0,
        0.0,
        0.0,
        1.0
      ]
    ],
    "6": [
      [
        0.9762570261955261,
        0.21661600470542908,
        -5.9526299159480024e-15,
        -24922.099609375
      ],
      [
        -0.21661600470542908,
        0.9762570261955261,
        1.4695799612800236e-21,
        -896.7310180664062
      ],
      [
        5.811299927599781e-15,
        1.2894299970339857e-15,
        1.0,
        207.81199645996094
      ],
      [
        0.0,
        0.0,
        0.0,
        1.0
      ]
    ],
    "7": [
      [
        0.9830629825592041,
        0.18326599895954132,
        -5.9526299159480024e-15,
        -24934.099609375
      ],
      [
        -0.18326599895954132,
        0.9830629825592041,
        1.4695799612800236e-21,
        -896.7310180664062
      ],
      [
        5.851810125335165e-15,
        1.0909199907901783e-15,
        1.0,
        207.81199645996094
      ],
      [
        0.0,
        0.0,
        0.0,
        1.0
      ]
    ],
    "8": [
      [
        0.9885439872741699,
        0.1509310007095337,
        -5.9526299159480024e-15,
        -24946.099609375
      ],
      [
        -0.1509310007095337,
        0.9885439872741699,
        1.4695799612800236e-21,
        -896.7310180664062
      ],
      [
        5.8844399520457686e-15,
        8.984370474825589e-16,
        1.0,
        207.81199645996094
      ],
      [
        0.0,
        0.0,
        0.0,
        1.0
      ]
    ],
    "9": [
      [
        0.9927480220794678,
        0.12021400034427643,
        -5.9526299159480024e-15,
        -24958.099609375
      ],
      [
        -0.12021400034427643,
        0.9927480220794678,
        1.4695799612800236e-21,
        -896.7310180664062
      ],
      [
        5.90946003475824e-15,
        7.155859805159641e-16,
        1.0,
        207.81199645996094
      ],
      [
        0.0,
        0.0,
        0.0,
        1.0
      ]
    ],
    "10": [
      [
        0.9957849979400635,
        0.09171529859304428,
        -5.9526299159480024e-15,
        -24970.099609375
      ],
      [
        -0.09171529859304428,
        0.9957849979400635,
        1.4695799612800236e-21,
        -896.7310180664062
      ],
      [
