{
  "cond_cam": {
    "0": [
      [
        0.9996230006217957,
        0.027465399354696274,
        -5.950380196440095e-15,
        21754.900390625
      ],
      [
        -0.027465399354696274,
        0.9996230006217957,
        1.6349100399146464e-16,
        -19907.599609375
      ],
      [
        5.9526299159480024e-15,
        7.395570046051505e-31,
        1.0,
        6765.919921875
      ],
      [
        0.0,
        0.0,
        0.0,
        1.0
      ]
    ],
    "1": [
      [
        0.9996230006217957,
        0.027465399354696274,
        -5.950380196440095e-15,
        21754.900390625
      ],
      [
        -0.027465399354696274,
        0.9996230006217957,
        1.6349100399146464e-16,
        -19907.599609375
      ],
      [
        5.9526299159480024e-15,
        7.395570046051505e-31,
        1.0,
        6765.919921875
      ],
      [
        0.0,
        0.0,
        0.0,
        1.0
      ]
    ],
    "2": [
      [
        0.9996230006217957,
        0.027465399354696274,
        -5.950380196440095e-15,
        21754.900390625
      ],
      [
        -0.027465399354696274,
        0.9996230006217957,
        1.6349100399146464e-16,
        -19907.599609375
      ],
      [
        5.9526299159480024e-15,
        7.395570046051505e-31,
        1.0,
        6765.919921875
      ],
      [
        0.0,
        0.0,
        0.0,
        1.0
      ]
    ],
    "3": [
      [
        0.9996230006217957,
        0.027465399354696274,
        -5.950380196440095e-15,
        21742.900390625
      ],
      [
        -0.027465399354696274,
        0.9996230006217957,
        1.6349100399146464e-16,
        -19907.19921875
      ],
      [
        5.9526299159480024e-15,
        7.395570046051505e-31,
        1.0,
        6765.919921875
      ],
      [
        0.0,
        0.0,
        0.0,
        1.0
      ]
    ],
    "4": [
      [
        0.9996230006217957,
        0.027465399354696274,
        -5.950380196440095e-15,
        21730.900390625
      ],
      [
        -0.027465399354696274,
        0.9996230006217957,
        1.6349100399146464e-16,
        -19906.900390625
      ],
      [
        5.9526299159480024e-15,
        7.395570046051505e-31,
        1.0,
        6765.919921875
      ],
      [
        0.0,
        0.0,
        0.0,
        1.0
      ]
    ],
    "5": [
      [
        0.9996230006217957,
        0.027465399354696274,
        -5.950380196440095e-15,
        21718.900390625
      ],
      [
        -0.027465399354696274,
        0.9996230006217957,
        1.6349100399146464e-16,
        -19906.599609375
      ],
      [
        5.9526299159480024e-15,
        7.395570046051505e-31,
        1.0,
        6765.919921875
      ],
      [
        0.0,
        0.0,
        0.0,
        1.0
      ]
    ],
    "6": [
      [
        0.9996230006217957,
        0.027465399354696274,
        -5.950380196440095e-15,
        21706.900390625
      ],
      [
        -0.027465399354696274,
        0.9996230006217957,
        1.6349100399146464e-16,
        -19906.19921875
      ],
      [
        5.9526299159480024e-15,
        7.395570046051505e-31,
        1.0,
        6765.919921875
      ],
      [
        0.0,
        0.0,
        0.0,
        1.0
      ]
    ],
    "7": [
      [
        0.9996230006217957,
        0.027465399354696274,
        -5.950380196440095e-15,
        21694.900390625
      ],
      [
        -0.027465399354696274,
        0.9996230006217957,
        1.6349100399146464e-16,
        -19905.900390625
      ],
      [
        5.9526299159480024e-15,
        7.395570046051505e-31,
        1.0,
        6765.919921875
      ],
      [
        0.0,
        0.0,
        0.0,
        1.0
      ]
    ],
    "8": [
      [
        0.9996230006217957,
        0.027465399354696274,
        -5.950380196440095e-15,
        21682.900390625
      ],
      [
        -0.027465399354696274,
        0.9996230006217957,
        1.6349100399146464e-16,
        -19905.599609375
      ],
      [
        5.9526299159480024e-15,
        7.395570046051505e-31,
        1.0,
        6765.919921875
      ],
      [
        0.0,
        0.0,
        0.0,
        1.0
      ]
    ],
    "9": [
      [
        0.9996230006217957,
        0.027465399354696274,
        -5.950380196440095e-15,
        21670.900390625
      ],
      [
        -0.027465399354696274,
        0.9996230006217957,
        1.6349100399146464e-16,
        -19905.19921875
      ],
      [
        5.9526299159480024e-15,
        7.395570046051505e-31,
        1.0,
        6765.919921875
      ],
      [
        0.0,
        0.0,
        0.0,
        1.0
      ]
    ],
    "10": [
      [
        0.9996230006217957,
        0.027465399354696274,
        -5.950380196440095e-15,
        21658.900390625
      ],
      [
        -0.027465399354696274,
        0.9996230006217957,
        1.6349100399146464e-16,
        -19904.900390625
      ],
      [
        5.9526299159480024e-15,
        7.395570046051505e-31,
        1.0,
        6765.919921875
      ],
      [
        0.0,
        0.0,
        0.0,
        1.0
      ]
    ],
    "11": [
      [
        0.9996230006217957,
        0.027465399354696274,
        -5.950380196440095e-15,
        21646.900390625
      ],
      [
        -0.027465399354696274,
        0.9996230006217957,
        1.6349100399146464e-16,
        -19904.599609375
      ],
      [
        5.9526299159480024e-15,
        7.395570046051505e-31,
        1.0,
        6765.919921875
      ],
      [
        0.0,
        0.0,
        0.0,
        1.0
      ]
    ],
    "12": [
      [
        0.9996230006217957,
        0.027465399354696274,
        -5.950380196440095e-15,
        21634.900390625
      ],
      [
        -0.027465399354696274,
        0.9996230006217957,
        1.6349100399146464e-16,
        -19904.30078125
      ],
      [
        5.9526299159480024e-15,
        7.395570046051505e-31,
        1.0,
        6765.919921875
      ],
      [
        0.0,
        0.0,
        0.0,
        1.0
      ]
    ],
    "13": [
      [
        0.9996230006217957,
        0.027465399354696274,
        -5.950380196440095e-15,
        21622.900390625
      ],
      [
        -0.027465399354696274,
        0.9996230006217957,
        1.6349100399146464e-16,
        -19903.900390625
      ],
      [
        5.9526299159480024e-15,
        7.395570046051505e-31,
        1.0,
        6765.919921875
      ],
      [
        0.0,
        0.0,
        0.0,
        1.0
      ]
    ],
    "14": [
      [
        0.9996230006217957,
        0.027465399354696274,
        -5.950380196440095e-15,
        21610.900390625
      ],
      [
        -0.027465399354696274,
        0.9996230006217957,
        1.6349100399146464e-16,
        -19903.599609375
      ],
      [
        5.9526299159480024e-15,
        7.395570046051505e-31,
        1.0,
        6765.919921875
      ],
      [
        0.0,
        0.0,
        0.0,
        1.0
      ]
    ],
    "15": [
      [
        0.9996230006217957,
        0.027465399354696274,
        -5.950380196440095e-15,
        21599.0
      ],
      [
        -0.027465399354696274,
        0.9996230006217957,
        1.6349100399146464e-16,
        -19903.30078125
      ],
      [
        5.9526299159480024e-15,
        7.395570046051505e-31,
        1.0,
        6765.919921875
      ],
      [
        0.0,
        0.0,
        0.0,
        1.0
      ]
    ],
    "16": [
      [
        0.9996230006217957,
        0.027465399354696274,
        -5.950380196440095e-15,
        21587.0
      ],
      [
        -0.027465399354696274,
        0.9996230006217957,
        1.6349100399146464e-16,
        -19902.900390625
      ],
      [
        5.9526299159480024e-15,
        7.395570046051505e-31,
        1.0,
        6765.919921875
      ],
      [
        0.0,
        0.0,
        0.0,
        1.0
      ]
    ],
    "17": [
      [
        0.9996230006217957,
        0.027465399354696274,
        -5.950380196440095e-15,
        21575.0
      ],
      [
        -0.027465399354696274,
        0.9996230006217957,
        1.6349100399146464e-16,
        -19902.599609375
      ],
      [
        5.9526299159480024e-15,
        7.395570046051505e-31,
        1.0,
        6765.919921875
      ],
      [
        0.0,
        0.0,
        0.0,
        1.0
      ]
    ],
    "18": [
      [
        0.9996230006217957,
        0.027465399354696274,
        -5.950380196440095e-15,
        21563.0
      ],
      [
        -0.027465399354696274,
        0.9996230006217957,
        1.6349100399146464e-16,
        -19902.30078125
      ],
      [
        5.9526299159480024e-15,
        7.395570046051505e-31,
        1.0,
        6765.919921875
      ],
      [
        0.0,
        0.0,
        0.0,
        1.0
      ]
    ],
    "19": [
      [
        0.9996230006217957,
        0.027465399354696274,
        -5.950380196440095e-15,
        21551.0
      ],
      [
        -0.027465399354696274,
        0.9996230006217957,
        1.6349100399146464e-16,
        -19902.0
      ],
      [
        5.9526299159480024e-15,
        7.395570046051505e-31,
        1.0,
        6765.919921875
      ],
      [
        0.0,
        0.0,
        0.0,
        1.0
      ]
    ],
    "20": [
      [
        0.9996230006217957,
        0.027465399354696274,
        -5.950380196440095e-15,
        21539.0
      ],
      [
        -0.027465399354696274,
        0.9996230006217957,
        1.6349100399146464e-16,
        -19901.599609375
      ],
      [
        5.9526299159480024e-15,
        7.395570046051505e-31,
        1.0,
        6765.919921875
      ],
      [
        0.0,
        0.0,
        0.0,
        1.0
      ]
    ],
    "21": [
      [
        0.9996230006217957,
        0.027465399354696274,
        -5.950380196440095e-15,
        21527.0
      ],
      [
        -0.027465399354696274,
        0.9996230006217957,
        1.6349100399146464e-16,
        -19901.30078125
      ],
      [
        5.9526299159480024e-15,
        7.395570046051505e-31,
        1.0,
        6765.919921875
      ],
      [
        0.0,
        0.0,
        0.0,
        1.0
      ]
    ],
    "22": [
      [
        0.9996230006217957,
        0.027465399354696274,
        -5.950380196440095e-15,
        21515.0
      ],
      [
        -0.027465399354696274,
        0.9996230006217957,
        1.6349100399146464e-16,
        -19901.0
      ],
      [
        5.9526299159480024e-15,
        7.395570046051505e-31,
        1.0,
        6765.919921875
      ],
      [
        0.0,
        0.0,
        0.0,
        1.0
      ]
    ],
    "23": [
      [
        0.9996230006217957,
        0.027465399354696274,
        -5.950380196440095e-15,
        21503.0
      ],
      [
        -0.027465399354696274,
        0.9996230006217957,
        1.6349100399146464e-16,
        -19900.599609375
      ],
      [
        5.9526299159480024e-15,
        7.395570046051505e-31,
        1.0,
        6765.919921875
      ],
      [
        0.0,
        0.0,
        0.0,
        1.0
      ]
    ],
    "24": [
      [
        0.9996230006217957,
        0.027465399354696274,
        -5.950380196440095e-15,
        21491.0
      ],
      [
        -0.027465399354696274,
        0.9996230006217957,
        1.6349100399146464e-16,
        -19900.30078125
      ],
      [
        5.9526299159480024e-15,
        7.395570046051505e-31,
        1.0,
        6765.919921875
      ],
      [
        0.0,
        0.0,
        0.0,
        1.0
      ]
    ],
    "25": [
      [
        0.9996230006217957,
        0.027465399354696274,
        -5.950380196440095e-15,
        21479.0
      ],
      [
        -0.027465399354696274,
        0.9996230006217957,
        1.6349100399146464e-16,
        -19900.0
      ],
      [
        5.9526299159480024e-15,
        7.395570046051505e-31,
        1.0,
        6765.919921875
      ],
      [
        0.0,
        0.0,
        0.0,
        1.0
      ]
    ],
    "26": [
      [
        0.9996230006217957,
        0.027465399354696274,
        -5.950380196440095e-15,
        21467.0
      ],
      [
        -0.027465399354696274,
        0.9996230006217957,
        1.6349100399146464e-16,
        -19899.599609375
      ],
      [
        5.9526299159480024e-15,
        7.395570046051505e-31,
        1.0,
        6765.919921875
      ],
      [
        0.0,
        0.0,
        0.0,
        1.0
      ]
    ],
    "27": [
      [
        0.9996230006217957,
        0.027465399354696274,
        -5.950380196440095e-15,
        21455.0
      ],
      [
        -0.027465399354696274,
        0.9996230006217957,
        1.6349100399146464e-16,
        -19899.30078125
      ],
      [
        5.9526299159480024e-15,
        7.395570046051505e-31,
        1.0,
        6765.919921875
      ],
      [
        0.0,
        0.0,
        0.0,
        1.0
      ]
    ],
    "28": [
      [
        0.9996230006217957,
        0.027465399354696274,
        -5.950380196440095e-15,
        21443.0
      ],
      [
        -0.027465399354696274,
        0.9996230006217957,
        1.6349100399146464e-16,
        -19899.0
      ],
      [
        5.9526299159480024e-15,
        7.395570046051505e-31,
        1.0,
        6765.919921875
      ],
      [
        0.0,
        0.0,
        0.0,
        1.0
      ]
    ],
    "29": [
      [
        0.9996230006217957,
        0.027465399354696274,
        -5.950380196440095e-15,
        21431.0
      ],
      [
        -0.027465399354696274,
        0.9996230006217957,
        1.6349100399146464e-16,
        -19898.69921875
      ],
      [
        5.9526299159480024e-15,
        7.395570046051505e-31,
        1.0,
        6765.919921875
      ],
      [
        0.0,
        0.0,
        0.0,
        1.0
      ]
    ],
    "30": [
      [
        0.9996230006217957,
        0.027465399354696274,
        -5.950380196440095e-15,
        21419.0
      ],
      [
        -0.027465399354696274,
        0.9996230006217957,
        1.6349100399146464e-16,
        -19898.30078125
      ],
      [
        5.9526299159480024e-15,
        7.395570046051505e-31,
        1.0,
        6765.919921875
      ],
      [
        0.0,
        0.0,
        0.0,
        1.0
      ]
    ],
    "31": [
      [
        0.9996230006217957,
        0.027465399354696274,
        -5.950380196440095e-15,
        21407.0
      ],
      [
        -0.027465399354696274,
        0.9996230006217957,
        1.6349100399146464e-16,
        -19898.0
      ],
      [
        5.9526299159480024e-15,
        7.395570046051505e-31,
        1.0,
        6765.919921875
      ],
      [
        0.0,
        0.0,
        0.0,
        1.0
      ]
    ],
    "32": [
      [
        0.9996230006217957,
        0.027465399354696274,
        -5.950380196440095e-15,
        21395.0
      ],
      [
        -0.027465399354696274,
        0.9996230006217957,
        1.6349100399146464e-16,
        -19897.69921875
      ],
      [
        5.9526299159480024e-15,
        7.395570046051505e-31,
        1.0,
        6765.919921875
      ],
      [
        0.0,
        0.0,
        0.0,
        1.0
      ]
    ],
    "33": [
      [
        0.9996230006217957,
        0.027465399354696274,
        -5.950380196440095e-15,
        21383.0
      ],
      [
        -0.027465399354696274,
        0.9996230006217957,
        1.6349100399146464e-16,
        -19897.30078125
      ],
      [
        5.9526299159480024e-15,
        7.395570046051505e-31,
        1.0,
        6765.919921875
      ],
      [
        0.0,
        0.0,
        0.0,
        1.0
      ]
    ],
    "34": [
      [
        0.9996230006217957,
        0.027465399354696274,
        -5.950380196440095e-15,
        21371.0
      ],
      [
        -0.027465399354696274,
        0.9996230006217957,
        1.6349100399146464e-16,
        -19897.0
      ],
      [
        5.9526299159480024e-15,
        7.395570046051505e-31,
        1.0,
        6765.919921875
      ],
      [
        0.0,
        0.0,
        0.0,
        1.0
      ]
    ],
    "35": [
      [
        0.9996230006217957,
        0.027465399354696274,
        -5.950380196440095e-15,
        21359.0
      ],
      [
        -0.027465399354696274,
        0.9996230006217957,
        1.6349100399146464e-16,
        -19896.69921875
      ],
      [
        5.9526299159480024e-15,
        7.395570046051505e-31,
        1.0,
        6765.919921875
      ],
      [
        0.0,
        0.0,
        0.0,
        1.0
      ]
    ],
    "36": [
      [
        0.9996230006217957,
        0.027465399354696274,
        -5.950380196440095e-15,
        21347.0
      ],
      [
        -0.027465399354696274,
        0.9996230006217957,
        1.6349100399146464e-16,
        -19896.30078125
      ],
      [
        5.9526299159480024e-15,
        7.395570046051505e-31,
        1.0,
        6765.919921875
      ],
      [
        0.0,
        0.0,
        0.0,
        1.0
      ]
    ],
    "37": [
      [
        0.9996230006217957,
        0.027465399354696274,
        -5.950380196440095e-15,
        21335.099609375
      ],
      [
        -0.027465399354696274,
        0.9996230006217957,
        1.6349100399146464e-16,
        -19896.0
      ],
      [
        5.9526299159480024e-15,
        7.395570046051505e-31,
        1.0,
        6765.919921875
      ],
      [
        0.0,
        0.0,
        0.0,
        1.0
      ]
    ],
    "38": [
      [
        0.9996230006217957,
        0.027465399354696274,
        -5.950380196440095e-15,
        21323.099609375
      ],
      [
        -0.027465399354696274,
        0.9996230006217957,
        1.6349100399146464e-16,
        -19895.69921875
      ],
      [
        5.9526299159480024e-15,
        7.395570046051505e-31,
        1.0,
        6765.919921875
      ],
      [
        0.0,
        0.0,
        0.0,
        1.0
      ]
    ],
    "39": [
      [
        0.9996230006217957,
        0.027465399354696274,
        -5.950380196440095e-15,
        21311.099609375
      ],
      [
        -0.027465399354696274,
        0.9996230006217957,
        1.6349100399146464e-16,
        -19895.400390625
      ],
      [
        5.9526299159480024e-15,
        7.395570046051505e-31,
        1.0,
        6765.919921875
      ],
      [
        0.0,
        0.0,
        0.0,
        1.0
      ]
    ],
    "40": [
      [
        0.9996230006217957,
        0.027465399354696274,
        -5.950380196440095e-15,
        21299.099609375
      ],
      [
        -0.027465399354696274,
        0.9996230006217957,
        1.6349100399146464e-16,
        -19895.0
      ],
      [
        5.9526299159480024e-15,
        7.395570046051505e-31,
        1.0,
        6765.919921875
      ],
      [
        0.0,
        0.0,
        0.0,
        1.0
      ]
    ],
    "41": [
      [
        0.9996230006217957,
        0.027465399354696274,
        -5.950380196440095e-15,
        21287.099609375
      ],
      [
        -0.027465399354696274,
        0.9996230006217957,
        1.6349100399146464e-16,
        -19894.69921875
      ],
      [
        5.9526299159480024e-15,
        7.395570046051505e-31,
        1.0,
        6765.919921875
      ],
      [
        0.0,
        0.0,
        0.0,
        1.0
      ]
    ],
    "42": [
      [
        0.9996230006217957,
        0.027465399354696274,
        -5.950380196440095e-15,
        21275.099609375
      ],
      [
        -0.027465399354696274,
        0.9996230006217957,
        1.6349100399146464e-16,
        -19894.400390625
      ],
      [
        5.9526299159480024e-15,
        7.395570046051505e-31,
        1.0,
        6765.919921875
      ],
      [
        0.0,
        0.0,
        0.0,
        1.0
      ]
    ],
    "43": [
      [
        0.9996230006217957,
        0.027465399354696274,
        -5.950380196440095e-15,
        21263.099609375
      ],
      [
        -0.027465399354696274,
        0.9996230006217957,
        1.6349100399146464e-16,
        -19894.0
      ],
      [
        5.9526299159480024e-15,
        7.395570046051505e-31,
        1.0,
        6765.919921875
      ],
      [
        0.0,
        0.0,
        0.0,
        1.0
      ]
    ],
    "44": [
      [
        0.9996230006217957,
        0.027465399354696274,
        -5.950380196440095e-15,
        21251.099609375
      ],
      [
        -0.027465399354696274,
        0.9996230006217957,
        1.6349100399146464e-16,
        -19893.69921875
      ],
      [
        5.9526299159480024e-15,
        7.395570046051505e-31,
        1.0,
        6765.919921875
      ],
      [
        0.0,
        0.0,
        0.0,
        1.0
      ]
    ],
    "45": [
      [
        0.9996230006217957,
        0.027465399354696274,
        -5.950380196440095e-15,
        21239.099609375
      ],
      [
        -0.027465399354696274,
        0.9996230006217957,
        1.6349100399146464e-16,
        -19893.400390625
      ],
      [
        5.9526299159480024e-15,
        7.395570046051505e-31,
        1.0,
        6765.919921875
      ],
      [
        0.0,
        0.0,
        0.0,
        1.0
      ]
    ],
    "46": [
      [
        0.9996230006217957,
        0.027465399354696274,
        -5.950380196440095e-15,
        21227.099609375
      ],
      [
        -0.027465399354696274,
        0.9996230006217957,
        1.6349100399146464e-16,
        -19893.099609375
      ],
      [
        5.9526299159480024e-15,
        7.395570046051505e-31,
        1.0,
        6765.919921875
      ],
      [
        0.0,
        0.0,
        0.0,
        1.0
      ]
    ],
    "47": [
      [
        0.999534010887146,
        0.030531499534845352,
        -5.950380196440095e-15,
        21215.099609375
      ],
      [
        -0.030531499534845352,
        0.999534010887146,
        1.6349100399146464e-16,
        -19892.69921875
      ],
      [
        5.952599846278375e-15,
        1.825919973074656e-17,
        1.0,
        6765.919921875
      ],
      [
        0.0,
        0.0,
        0.0,
        1.0
      ]
    ],
    "48": [
      [
        0.9992300271987915,
        0.03923739865422249,
        -5.950380196440095e-15,
        21203.099609375
      ],
      [
        -0.03923739865422249,
        0.9992300271987915,
        1.6349100399146464e-16,
        -19892.400390625
      ],
      [
        5.952219952001531e-15,
        7.011219929690905e-17,
        1.0,
        6765.919921875
      ],
      [
        0.0,
        0.0,
        0.0,
        1.0
      ]
    ],
    "49": [
      [
        0.9985929727554321,
        0.05302650108933449,
        -5.950380196440095e-15,
        21191.099609375
      ],
      [
        -0.05302650108933449,
        0.9985929727554321,
        1.6349100399146464e-16,
        -19892.099609375
      ],
      [
        5.950680046103423e-15,
        1.522669968771775e-16,
        1.0,
        6765.919921875
      ],
      [
        0.0,
        0.0,
        0.0,
        1.0
      ]
    ],
    "50": [
      [
        0.9974520206451416,
        0.07133679836988449,
        -5.950380196440095e-15,
        21179.099609375
      ],
      [
        -0.07133679836988449,
        0.9974520206451416,
        1.6349100399146464e-16,
        -19891.69921875
      ],
      [
        5.946889997180934e-15,
        2.6140598775592223e-16,
        1.0,
        6765.919921875
      ],
      [
        0.0,
        0.0,
        0.0,
        1.0
      ]
    ],
    "51": [
      [
        0.9956099987030029,
        0.09359720349311829,
        -5.950380196440095e-15,
        21167.099609375
      ],
      [
        -0.09359720349311829,
        0.9956099987030029,
        1.6349100399146464e-16,
        -19891.400390625
      ],
      [
        5.9395601975718686e-15,
        3.941659879114006e-16,
        1.0,
        6765.919921875
      ],
      [
        0.0,
        0.0,
        0.0,
        1.0
      ]
    ],
    "52": [
      [
        0.9928669929504395,
        0.11922699958086014,
        -5.950380196440095e-15,
        21155.099609375
      ],
      [
        -0.11922699958086014,
        0.9928669929504395,
        1.6349100399146464e-16,
        -19891.099609375
      ],
      [
        5.92742983873424e-15,
        5.471239916199702e-16,
        1.0,
        6765.919921875
      ],
      [
        0.0,
        0.0,
        0.0,
        1.0
      ]
    ],
    "53": [
      [
        0.9890419840812683,
        0.1476369947195053,
        -5.950380196440095e-15,
        21143.099609375
      ],
      [
        -0.1476369947195053,
        0.9890419840812683,
        1.6349100399146464e-16,
        -19890.69921875
      ],
      [
        5.909310109926576e-15,
        7.167940083174264e-16,
        1.0,
        6765.919921875
      ],
      [
        0.0,
        0.0,
        0.0,
        1.0
      ]
    ],
    "54": [
      [
        0.9839900135993958,
        0.17822599411010742,
        -5.950380196440095e-15,
        21131.099609375
      ],
      [
        -0.17822599411010742,
        0.9839900135993958,
        1.6349100399146464e-16,
        -19890.400390625
      ],
      [
        5.88424979314911e-15,
        8.996389872347127e-16,
        1.0,
        6765.919921875
      ],
      [
        0.0,
        0.0,
        0.0,
        1.0
      ]
    ],
    "55": [
      [
        0.9776170253753662,
        0.21039199829101562,
        -5.950380196440095e-15,
        21119.099609375
      ],
      [
        -0.21039199829101562,
        0.9776170253753662,
        1.6349100399146464e-16,
        -19890.099609375
      ],
      [
        5.851589896768879e-15,
        1.092080002411443e-15,
        1.0,
        6765.919921875
      ],
      [
        0.0,
        0.0,
        0.0,
        1.0
      ]
    ],
    "56": [
      [
        0.9698929786682129,
        0.2435320019721985,
        -5.950380196440095e-15,
        21107.099609375
      ],
      [
        -0.2435320019721985,
        0.9698929786682129,
        1.6349100399146464e-16,
        -19889.80078125
      ],
      [
        5.811050052880341e-15,
        1.2905400337113624e-15,
        1.0,
        6765.919921875
      ],
      [
        0.0,
        0.0,
        0.0,
        1.0
      ]
    ],
    "57": [
      [
        0.960856020450592,
        0.2770479917526245,
        -5.950380196440095e-15,
        21095.099609375
      ],
      [
        -0.2770479917526245,
        0.960856020450592,
        1.6349100399146464e-16,
        -19889.400390625
      ],
      [
        5.762759857524426e-15,
        1.4914500019320965e-15,
        1.0,
        6765.919921875
      ],
      [
        0.0,
        0.0,
        0.0,
        1.0
      ]
    ],
    "58": [
      [
        0.9506189823150635,
        0.31035900115966797,
        -5.950380196440095e-15,
        21083.099609375
      ],
      [
        -0.31035900115966797,
        0.9506189823150635,
        1.6349100399146464e-16,
        -19889.099609375
      ],
      [
        5.707290210907583e-15,
        1.691340036605218e-15,
        1.0,
        6765.919921875
      ],
      [
        0.0,
        0.0,
        0.0,
        1.0
      ]
    ],
    "59": [
      [
        0.9393709897994995,
        0.3429029881954193,
        -5.950380196440095e-15,
        21071.19921875
      ],
      [
        -0.3429029881954193,
        0.9393709897994995,
        1.6349100399146464e-16,
        -19888.80078125
      ],
      [
        5.645679998939621e-15,
        1.8868201001175783e-15,
        1.0,
        6765.919921875
      ],
      [
        0.0,
        0.0,
        0.0,
        1.0
      ]
    ],
    "60": [
      [
        0.9273710250854492,
        0.37414300441741943,
        -5.950380196440095e-15,
        21059.19921875
      ],
      [
        -0.37414300441741943,
        0.9273710250854492,
        1.6349100399146464e-16,
        -19888.400390625
      ],
      [
        5.579380189059185e-15,
        2.0746799375990837e-15,
        1.0,
        6765.919921875
      ],
      [
        0.0,
        0.0,
        0.0,
        1.0
      ]
    ],
    "61": [
      [
        0.9149460196495056,
        0.40357598662376404,
        -5.950380196440095e-15,
        21047.19921875
      ],
      [
        -0.40357598662376404,
        0.9149460196495056,
        1.6349100399146464e-16,
        -19888.099609375
      ],
      [
        5.510260182980866e-15,
        2.251850007528003e-15,
        1.0,
        6765.919921875
      ],
      [
        0.0,
        0.0,
        0.0,
        1.0
      ]
    ],
    "62": [
      [
        0.9024800062179565,
        0.43073201179504395,
        -5.950380196440095e-15,
        21035.19921875
      ],
      [
        -0.43073201179504395,
        0.9024800062179565,
        1.6349100399146464e-16,
        -19887.80078125
      ],
      [
        5.440520148785157e-15,
        2.4154700913996954e-15,
        1.0,
        6765.919921875
      ],
      [
        0.0,
        0.0,
        0.0,
        1.0
      ]
    ],
    "63": [
      [
        0.8904029726982117,
        0.45517200231552124,
        -5.950380196440095e-15,
        21023.19921875
      ],
      [
        -0.45517200231552124,
        0.8904029726982117,
        1.6349100399146464e-16,
        -19887.400390625
      ],
      [
        5.3726601042158786e-15,
        2.5628800822433085e-15,
        1.0,
        6765.919921875
      ],
      [
        0.0,
        0.0,
        0.0,
        1.0
      ]
    ],
    "64": [
      [
        0.8791800141334534,
        0.47648999094963074,
        -5.950380196440095e-15,
        21011.19921875
      ],
      [
        -0.47648999094963074,
        0.8791800141334534,
        1.6349100399146464e-16,
        -19887.099609375
      ],
      [
        5.309360061518144e-15,
        2.691560057040761e-15,
        1.0,
        6765.919921875
      ],
      [
        0.0,
        0.0,
        0.0,
        1.0
      ]
    ],
    "65": [
      [
        0.8692920207977295,
        0.4942989945411682,
        -5.950380196440095e-15,
        20999.19921875
      ],
      [
        -0.4942989945411682,
        0.8692920207977295,
        1.6349100399146464e-16,
        -19886.80078125
      ],
      [
        5.253430052494469e-15,
        2.7991499702427654e-15,
        1.0,
        6765.919921875
      ],
      [
        0.0,
        0.0,
        0.0,
        1.0
      ]
    ],
    "66": [
      [
        0.8612220287322998,
        0.5082290172576904,
        -5.950380196440095e-15,
        20987.19921875
      ],
      [
        -0.5082290172576904,
        0.8612220287322998,
        1.6349100399146464e-16,
        -19886.5
      ],
      [
        5.207689849826263e-15,
        2.8833499156392895e-15,
        1.0,
        6765.919921875
      ],
      [
        0.0,
        0.0,
        0.0,
        1.0
      ]
    ],
    "67": [
      [
        0.8554369807243347,
        0.5179070234298706,
        -5.950380196440095e-15,
        20975.19921875
      ],
      [
        -0.5179070234298706,
        0.8554369807243347,
        1.6349100399146464e-16,
        -19886.099609375
      ],
      [
        5.17484995894474e-15,
        2.9418900566899287e-15,
        1.0,
        6765.919921875
      ],
      [
        0.0,
        0.0,
        0.0,
        1.0
      ]
    ],
    "68": [
      [
        0.8523659706115723,
        0.5229460000991821,
        -5.950380196440095e-15,
        20963.19921875
      ],
      [
        -0.5229460000991821,
        0.8523659706115723,
        1.6349100399146464e-16,
        -19885.80078125
      ],
      [
        5.1573998096818806e-15,
        2.9723800664175314e-15,
        1.0,
        6765.919921875
      ],
      [
        0.0,
        0.0,
        0.0,
        1.0
      ]
    ],
    "69": [
      [
        0.8523659706115723,
        0.5229460000991821,
        -5.950380196440095e-15,
        20951.19921875
      ],
      [
        -0.5229460000991821,
        0.8523659706115723,
        1.6349100399146464e-16,
        -19885.5
      ],
      [
        5.1573998096818806e-15,
        2.9723800664175314e-15,
        1.0,
        6765.919921875
      ],
      [
        0.0,
        0.0,
        0.0,
        1.0
      ]
    ],
    "70": [
      [
        0.8554400205612183,
        0.5179020166397095,
        -5.950380196440095e-15,
        20939.19921875
      ],
      [
        -0.5179020166397095,
        0.8554400205612183,
        1.6349100399146464e-16,
        -19885.099609375
      ],
      [
        5.1748698642190005e-15,
        2.9418599870203012e-15,
        1.0,
        6765.919921875
      ],
      [
        0.0,
        0.0,
        0.0,
        1.0
      ]
    ],
    "71": [
      [
        0.8612300157546997,
        0.5082160234451294,
        -5.950380196440095e-15,
        20927.19921875
      ],
      [
        -0.5082160234451294,
        0.8612300157546997,
        1.6349100399146464e-16,
        -19884.80078125
      ],
      [
        5.207739824770151e-15,
        2.883280035421141e-15,
        1.0,
        6765.919921875
      ],
      [
        0.0,
        0.0,
        0.0,
        1.0
      ]
    ],
    "72": [
      [
        0.8693060278892517,
        0.4942750036716461,
        -5.950380196440095e-15,
        20915.19921875
      ],
      [
        -0.4942750036716461,
        0.8693060278892517,
        1.6349100399146464e-16,
        -19884.5
      ],
      [
        5.253510097107984e-15,
        2.7990000454111014e-15,
        1.0,
        6765.919921875
      ],
      [
        0.0,
        0.0,
        0.0,
        1.0
      ]
    ],
    "73": [
      [
        0.8792009949684143,
        0.47645100951194763,
        -5.950380196440095e-15,
        20903.19921875
      ],
      [
        -0.47645100951194763,
        0.8792009949684143,
        1.6349100399146464e-16,
        -19884.19921875
      ],
      [
        5.30947991668018e-15,
        2.6913300875955814e-15,
        1.0,
        6765.919921875
      ],
      [
        0.0,
        0.0,
        0.0,
        1.0
      ]
    ],
    "74": [
      [
        0.8904309868812561,
        0.45511698722839355,
        -5.950380196440095e-15,
        20891.19921875
      ],
      [
        -0.45511698722839355,
        0.8904309868812561,
        1.6349100399146464e-16,
        -19883.80078125
      ],
      [
        5.37282019344291e-15,
        2.562549951152116e-15,
        1.0,
        6765.919921875
      ],
      [
        0.0,
        0.0,
        0.0,
        1.0
      ]
    ],
    "75": [
      [
        0.9025149941444397,
        0.4306589961051941,
        -5.950380196440095e-15,
        20879.19921875
      ],
      [
        -0.4306589961051941,
        0.9025149941444397,
        1.6349100399146464e-16,
        -19883.5
      ],
      [
        5.440720048560709e-15,
        2.4150300577835968e-15,
        1.0,
        6765.919921875
      ],
      [
        0.0,
        0.0,
        0.0,
        1.0
      ]
    ],
    "76": [
      [
        0.9025149941444397,
        0.4306589961051941,
        -5.950380196440095e-15,
        20879.19921875
      ],
      [
        -0.4306589961051941,
        0.9025149941444397,
        1.6349100399146464e-16,
        -19883.5
      ],
      [
        5.440720048560709e-15,
        2.4150300577835968e-15,
        1.0,
        6765.919921875
      ],
      [
        0.0,
        0.0,
        0.0,
        1.0
      ]
    ]
  },
  "tgt_cam": {
    "0": [
      [
        0.9149870276451111,
        0.40348300337791443,
        -5.950380196440095e-15,
        20867.19921875
      ],
      [
        -0.40348300337791443,
        0.9149870276451111,
        1.6349100399146464e-16,
        -19883.19921875
      ],
      [
        5.5104901524260456e-15,
        2.251289906991631e-15,
        1.0,
        6765.919921875
      ],
      [
        0.0,
        0.0,
        0.0,
        1.0
      ]
    ],
    "1": [
      [
        0.9149870276451111,
        0.40348300337791443,
        -5.950380196440095e-15,
        20867.19921875
      ],
      [
        -0.40348300337791443,
        0.9149870276451111,
        1.6349100399146464e-16,
        -19883.19921875
      ],
      [
        5.5104901524260456e-15,
        2.251289906991631e-15,
        1.0,
        6765.919921875
      ],
      [
        0.0,
        0.0,
        0.0,
        1.0
      ]
    ],
    "2": [
      [
        0.927416980266571,
        0.3740299940109253,
        -5.950380196440095e-15,
        20855.19921875
      ],
      [
        -0.3740299940109253,
        0.927416980266571,
        1.6349100399146464e-16,
        -19882.80078125
      ],
      [
        5.5796398046575185e-15,
        2.0739999819006753e-15,
        1.0,
        6765.919921875
      ],
      [
        0.0,
        0.0,
        0.0,
        1.0
      ]
    ],
    "3": [
      [
        0.9394199848175049,
        0.34276899695396423,
        -5.950380196440095e-15,
        20843.19921875
      ],
      [
        -0.34276899695396423,
        0.9394199848175049,
        1.6349100399146464e-16,
        -19882.5
      ],
      [
        5.645950202449795e-15,
        1.8860200774988966e-15,
        1.0,
        6765.919921875
      ],
      [
        0.0,
        0.0,
        0.0,
        1.0
      ]
    ],
    "4": [
      [
        0.95066899061203,
        0.3102070093154907,
        -5.950380196440095e-15,
        20831.19921875
      ],
      [
        -0.3102070093154907,
        0.95066899061203,
        1.6349100399146464e-16,
        -19882.19921875
      ],
      [
        5.707559990901284e-15,
        1.690419947066263e-15,
        1.0,
        6765.919921875
      ],
      [
        0.0,
        0.0,
        0.0,
        1.0
      ]
    ],
    "5": [
      [
        0.9609050154685974,
        0.2768790125846863,
        -5.950380196440095e-15,
        20819.19921875
      ],
      [
        -0.2768790125846863,
        0.9609050154685974,
        1.6349100399146464e-16,
        -19881.80078125
      ],
      [
        5.763019896639233e-15,
        1.4904299625053655e-15,
        1.0,
        6765.919921875
      ],
      [
        0.0,
        0.0,
        0.0,
        1.0
      ]
    ],
    "6": [
      [
        0.9699389934539795,
        0.24334700405597687,
        -5.950380196440095e-15,
        20807.30078125
      ],
      [
        -0.24334700405597687,
        0.9699389934539795,
        1.6349100399146464e-16,
        -19881.5
      ],
      [
        5.811299927599781e-15,
        1.2894299970339857e-15,
        1.0,
        6765.919921875
      ],
      [
        0.0,
        0.0,
        0.0,
        1.0
      ]
    ],
    "7": [
      [
        0.9776589870452881,
        0.21019700169563293,
        -5.950380196440095e-15,
        20795.30078125
      ],
      [
        -0.21019700169563293,
        0.9776589870452881,
        1.6349100399146464e-16,
        -19881.19921875
      ],
      [
        5.851810125335165e-15,
        1.0909199907901783e-15,
        1.0,
        6765.919921875
      ],
      [
        0.0,
        0.0,
        0.0,
        1.0
      ]
    ],
    "8": [
      [
        0.9840260148048401,
        0.1780250072479248,
        -5.950380196440095e-15,
        20783.30078125
      ],
      [
        -0.1780250072479248,
        0.9840260148048401,
        1.6349100399146464e-16,
        -19880.900390625
      ],
      [
        5.8844399520457686e-15,
        8.984370474825589e-16,
        1.0,
        6765.919921875
      ],
      [
        0.0,
        0.0,
        0.0,
        1.0
      ]
    ],
    "9": [
      [
        0.9890720248222351,
        0.14743399620056152,
        -5.950380196440095e-15,
        20771.30078125
      ],
      [
        -0.14743399620056152,
        0.9890720248222351,
        1.6349100399146464e-16,
        -19880.5
      ],
      [
        5.90946003475824e-15,
        7.155859805159641e-16,
        1.0,
        6765.919921875
      ],
      [
        0.0,
