{
  "cond_cam": {
    "0": [
      [
        0.011483400128781796,
        0.9999340176582336,
        1.5672000525259301e-15,
        -25110.599609375
      ],
      [
        -0.9999340176582336,
        0.011483400128781796,
        -5.9350201009745855e-15,
        8167.22998046875
      ],
      [
        -5.9526299159480024e-15,
        -1.498939996647311e-15,
        1.0,
        207.4530029296875
      ],
      [
        0.0,
        0.0,
        0.0,
        1.0
      ]
    ],
    "1": [
      [
        0.011483400128781796,
        0.9999340176582336,
        1.5672000525259301e-15,
        -25110.599609375
      ],
      [
        -0.9999340176582336,
        0.011483400128781796,
        -5.9350201009745855e-15,
        8167.22998046875
      ],
      [
        -5.9526299159480024e-15,
        -1.498939996647311e-15,
        1.0,
        207.4530029296875
      ],
      [
        0.0,
        0.0,
        0.0,
        1.0
      ]
    ],
    "2": [
      [
        0.011483400128781796,
        0.9999340176582336,
        1.5672000525259301e-15,
        -25110.599609375
      ],
      [
        -0.9999340176582336,
        0.011483400128781796,
        -5.9350201009745855e-15,
        8167.22998046875
      ],
      [
        -5.9526299159480024e-15,
        -1.498939996647311e-15,
        1.0,
        207.4530029296875
      ],
      [
        0.0,
        0.0,
        0.0,
        1.0
      ]
    ],
    "3": [
      [
        0.011858100071549416,
        0.9999300241470337,
        1.5697899616412786e-15,
        -25110.599609375
      ],
      [
        -0.9999300241470337,
        0.011858100071549416,
        -5.934430142526823e-15,
        8161.240234375
      ],
      [
        -5.9526299159480024e-15,
        -1.4993100441661428e-15,
        1.0,
        207.4530029296875
      ],
      [
        0.0,
        0.0,
        0.0,
        1.0
      ]
    ],
    "4": [
      [
        0.012188299559056759,
        0.999925971031189,
        1.5727000492106891e-15,
        -25110.599609375
      ],
      [
        -0.999925971031189,
        0.012188299559056759,
        -5.933899899901842e-15,
        8155.25
      ],
      [
        -5.9526299159480024e-15,
        -1.5002599916164885e-15,
        1.0,
        207.4530029296875
      ],
      [
        0.0,
        0.0,
        0.0,
        1.0
      ]
    ],
    "5": [
      [
        0.012473899871110916,
        0.999921977519989,
        1.5759200449596764e-15,
        -25110.5
      ],
      [
        -0.999921977519989,
        0.012473899871110916,
        -5.9334297966161156e-15,
        8149.25
      ],
      [
        -5.9526299159480024e-15,
        -1.501790050756585e-15,
        1.0,
        207.4530029296875
      ],
      [
        0.0,
        0.0,
        0.0,
        1.0
      ]
    ],
    "6": [
      [
        0.012714999727904797,
        0.9999189972877502,
        1.5794499488882402e-15,
        -25110.5
      ],
      [
        -0.9999189972877502,
        0.012714999727904797,
        -5.9330299970650115e-15,
        8143.259765625
      ],
      [
        -5.9526299159480024e-15,
        -1.5038899513119468e-15,
        1.0,
        207.4530029296875
      ],
      [
        0.0,
        0.0,
        0.0,
        1.0
      ]
    ],
    "7": [
      [
        0.012911600060760975,
        0.9999169707298279,
        1.5832800201174874e-15,
        -25110.5
      ],
      [
        -0.9999169707298279,
        0.012911600060760975,
        -5.9326801724577955e-15,
        8137.259765625
      ],
      [
        -5.9526299159480024e-15,
        -1.5065499524036805e-15,
        1.0,
        207.4530029296875
      ],
      [
        0.0,
        0.0,
        0.0,
        1.0
      ]
    ],
    "8": [
      [
        0.01306379958987236,
        0.9999150037765503,
        1.587410046889181e-15,
        -25110.400390625
      ],
      [
        -0.9999150037765503,
        0.01306379958987236,
        -5.932399804552254e-15,
        8131.259765625
      ],
      [
        -5.9526299159480024e-15,
        -1.5097800066689164e-15,
        1.0,
        207.4530029296875
      ],
      [
        0.0,
        0.0,
        0.0,
        1.0
      ]
    ],
    "9": [
      [
        0.013171600177884102,
        0.9999129772186279,
        1.5918299706870723e-15,
        -25110.30078125
      ],
      [
        -0.9999129772186279,
        0.013171600177884102,
        -5.932179999502442e-15,
        8125.259765625
      ],
      [
        -5.9526299159480024e-15,
        -1.513559997075157e-15,
        1.0,
        207.4530029296875
      ],
      [
        0.0,
        0.0,
        0.0,
        1.0
      ]
    ],
    "10": [
      [
        0.01323499996215105,
        0.9999120235443115,
        1.5965499559065285e-15,
        -25110.30078125
      ],
      [
        -0.9999120235443115,
        0.01323499996215105,
        -5.932019910275411e-15,
        8119.27001953125
      ],
      [
        -5.9526299159480024e-15,
        -1.5178999821386513e-15,
        1.0,
        207.4530029296875
      ],
      [
        0.0,
        0.0,
        0.0,
        1.0
      ]
    ],
    "11": [
      [
        0.013253999873995781,
        0.9999120235443115,
        1.6015499913941706e-15,
        -25110.19921875
      ],
      [
        -0.9999120235443115,
        0.013253999873995781,
        -5.931919960387635e-15,
        8113.27001953125
      ],
      [
        -5.9526299159480024e-15,
        -1.5227799507060201e-15,
        1.0,
        207.4530029296875
      ],
      [
        0.0,
        0.0,
        0.0,
        1.0
      ]
    ],
    "12": [
      [
        0.013228699564933777,
        0.9999120235443115,
        1.6068299712708803e-15,
        -25110.099609375
      ],
      [
        -0.9999120235443115,
        0.013228699564933777,
        -5.931889890718007e-15,
        8107.27001953125
      ],
      [
        -5.9526299159480024e-15,
        -1.5282200198097609e-15,
        1.0,
        207.4530029296875
      ],
      [
        0.0,
        0.0,
        0.0,
        1.0
      ]
    ],
    "13": [
      [
        0.013159099966287613,
        0.9999129772186279,
        1.612390001415776e-15,
        -25110.0
      ],
      [
        -0.9999129772186279,
        0.013159099966287613,
        -5.931919960387635e-15,
        8101.27001953125
      ],
      [
        -5.9526299159480024e-15,
        -1.5341900139011276e-15,
        1.0,
        207.4530029296875
      ],
      [
        0.0,
        0.0,
        0.0,
        1.0
      ]
    ],
    "14": [
      [
        0.013045099563896656,
        0.9999150037765503,
        1.6182200233126089e-15,
        -25109.900390625
      ],
      [
        -0.9999150037765503,
        0.013045099563896656,
        -5.932019910275411e-15,
        8095.259765625
      ],
      [
        -5.9526299159480024e-15,
        -1.540699991496369e-15,
        1.0,
        207.4530029296875
      ],
      [
        0.0,
        0.0,
        0.0,
        1.0
      ]
    ],
    "15": [
      [
        0.01288679987192154,
        0.9999169707298279,
        1.6243200369613791e-15,
        -25109.80078125
      ],
      [
        -0.9999169707298279,
        0.01288679987192154,
        -5.932190163897809e-15,
        8089.259765625
      ],
      [
        -5.9526299159480024e-15,
        -1.5477399999583546e-15,
        1.0,
        207.4530029296875
      ],
      [
        0.0,
        0.0,
        0.0,
        1.0
      ]
    ],
    "16": [
      [
        0.012684199959039688,
        0.9999200105667114,
        1.6306900423620867e-15,
        -25109.69921875
      ],
      [
        -0.9999200105667114,
        0.012684199959039688,
        -5.9324201333429884e-15,
        8083.259765625
      ],
      [
        -5.9526299159480024e-15,
        -1.5553100392870847e-15,
        1.0,
        207.4530029296875
      ],
      [
        0.0,
        0.0,
        0.0,
        1.0
      ]
    ],
    "17": [
      [
        0.012437299825251102,
        0.9999229907989502,
        1.6373300395147315e-15,
        -25109.599609375
      ],
      [
        -0.9999229907989502,
        0.012437299825251102,
        -5.9327199830063165e-15,
        8077.259765625
      ],
      [
        -5.9526299159480024e-15,
        -1.5634100036034408e-15,
        1.0,
        207.4530029296875
      ],
      [
        0.0,
        0.0,
        0.0,
        1.0
      ]
    ],
    "18": [
      [
        0.012145999819040298,
        0.999925971031189,
        1.6442200172659348e-15,
        -25109.5
      ],
      [
        -0.999925971031189,
        0.012145999819040298,
        -5.93309987728316e-15,
        8071.259765625
      ],
      [
        -5.9526299159480024e-15,
        -1.572030046149411e-15,
        1.0,
        207.4530029296875
      ],
      [
        0.0,
        0.0,
        0.0,
        1.0
      ]
    ],
    "19": [
      [
        0.01181039959192276,
        0.9999300241470337,
        1.6513599756156966e-15,
        -25109.400390625
      ],
      [
        -0.9999300241470337,
        0.01181039959192276,
        -5.933539910899259e-15,
        8065.25
      ],
      [
        -5.9526299159480024e-15,
        -1.5811699551667585e-15,
        1.0,
        207.4530029296875
      ],
      [
        0.0,
        0.0,
        0.0,
        1.0
      ]
    ],
    "20": [
      [
        0.011430500075221062,
        0.99993497133255,
        1.6587500204431351e-15,
        -25109.19921875
      ],
      [
        -0.99993497133255,
        0.011430500075221062,
        -5.934059989128873e-15,
        8059.25
      ],
      [
        -5.9526299159480024e-15,
        -1.59081998977659e-15,
        1.0,
        207.4530029296875
      ],
      [
        0.0,
        0.0,
        0.0,
        1.0
      ]
    ],
    "21": [
      [
        0.01100619975477457,
        0.9999390244483948,
        1.666390045869132e-15,
        -25109.099609375
      ],
      [
        -0.9999390244483948,
        0.01100619975477457,
        -5.934649947576635e-15,
        8053.25
      ],
      [
        -5.9526299159480024e-15,
        -1.6009699855835382e-15,
        1.0,
        207.4530029296875
      ],
      [
        0.0,
        0.0,
        0.0,
        1.0
      ]
    ],
    "22": [
      [
        0.010537499561905861,
        0.9999439716339111,
        1.6742699933774388e-15,
        -25109.0
      ],
      [
        -0.9999439716339111,
        0.010537499561905861,
        -5.9353199506379135e-15,
        8047.25
      ],
      [
        -5.9526299159480024e-15,
        -1.6116399537409822e-15,
        1.0,
        207.4530029296875
      ],
      [
        0.0,
        0.0,
        0.0,
        1.0
      ]
    ],
    "23": [
      [
        0.010024500079452991,
        0.9999499917030334,
        1.6823899688471738e-15,
        -25108.80078125
      ],
      [
        -0.9999499917030334,
        0.010024500079452991,
        -5.93605983391734e-15,
        8041.25
      ],
      [
        -5.9526299159480024e-15,
        -1.6228000363375313e-15,
        1.0,
        207.4530029296875
      ],
      [
        0.0,
        0.0,
        0.0,
        1.0
      ]
    ],
    "24": [
      [
        0.009466960094869137,
        0.9999549984931946,
        1.6907400196412067e-15,
        -25108.69921875
      ],
      [
        -0.9999549984931946,
        0.009466960094869137,
        -5.936889926205649e-15,
        8035.25
      ],
      [
        -5.9526299159480024e-15,
        -1.6344599742520787e-15,
        1.0,
        207.4530029296875
      ],
      [
        0.0,
        0.0,
        0.0,
        1.0
      ]
    ],
    "25": [
      [
        0.008864469826221466,
        0.9999610185623169,
        1.6993299925175493e-15,
        -25108.5
      ],
      [
        -0.9999610185623169,
        0.008864469826221466,
        -5.937800063107474e-15,
        8029.240234375
      ],
      [
        -5.9526299159480024e-15,
        -1.6466300377591101e-15,
        1.0,
        207.4530029296875
      ],
      [
        0.0,
        0.0,
        0.0,
        1.0
      ]
    ],
    "26": [
      [
        0.008217060007154942,
        0.999966025352478,
        1.70815004071819e-15,
        -25108.400390625
      ],
      [
        -0.999966025352478,
        0.008217060007154942,
        -5.938789821106341e-15,
        8023.22998046875
      ],
      [
        -5.9526299159480024e-15,
        -1.6592900039470097e-15,
        1.0,
        207.4530029296875
      ],
      [
        0.0,
        0.0,
        0.0,
        1.0
      ]
    ],
    "27": [
      [
        0.007524999789893627,
        0.9999719858169556,
        1.7171899998477615e-15,
        -25108.19921875
      ],
      [
        -0.9999719858169556,
        0.007524999789893627,
        -5.939879952509457e-15,
        8017.22021484375
      ],
      [
        -5.9526299159480024e-15,
        -1.672439978694896e-15,
        1.0,
        207.4530029296875
      ],
      [
        0.0,
        0.0,
        0.0,
        1.0
      ]
    ],
    "28": [
      [
        0.006788250058889389,
        0.9999769926071167,
        1.733179970188673e-15,
        -25108.099609375
      ],
      [
        -0.9999769926071167,
        0.006788250058889389,
        -6.933129844701163e-15,
        8011.2099609375
      ],
      [
        -6.9447299609138105e-15,
        -1.6860700093656385e-15,
        1.0,
        207.4530029296875
      ],
      [
        0.0,
        0.0,
        0.0,
        1.0
      ]
    ],
    "29": [
      [
        0.006006769835948944,
        0.9999819993972778,
        1.74186999883191e-15,
        -25107.900390625
      ],
      [
        -0.9999819993972778,
        0.006006769835948944,
        -6.934399970605571e-15,
        8005.2099609375
      ],
      [
        -6.9447299609138105e-15,
        -1.700179990080119e-15,
        1.0,
        207.4530029296875
      ],
      [
        0.0,
        0.0,
        0.0,
        1.0
      ]
    ],
    "30": [
      [
        0.0051805200055241585,
        0.999987006187439,
        1.7507200108230598e-15,
        -25107.80078125
      ],
      [
        -0.999987006187439,
        0.0051805200055241585,
        -6.9357598820023875e-15,
        7999.2001953125
      ],
      [
        -6.9447299609138105e-15,
        -1.714770026717456e-15,
        1.0,
        207.4530029296875
      ],
      [
        0.0,
        0.0,
        0.0,
        1.0
      ]
    ],
    "31": [
      [
        0.004309429787099361,
        0.9999909996986389,
        1.7597399587992524e-15,
        -25107.599609375
      ],
      [
        -0.9999909996986389,
        0.004309429787099361,
        -6.937210002408087e-15,
        7993.18994140625
      ],
      [
        -6.9447299609138105e-15,
        -1.729820002245152e-15,
        1.0,
        207.4530029296875
      ],
      [
        0.0,
        0.0,
        0.0,
        1.0
      ]
    ],
    "32": [
      [
        0.003393460065126419,
        0.9999939799308777,
        1.7688999848490972e-15,
        -25107.5
      ],
      [
        -0.9999939799308777,
        0.003393460065126419,
        -6.938769813580456e-15,
        7987.18994140625
      ],
      [
        -6.9447299609138105e-15,
        -1.7453500336957043e-15,
        1.0,
        207.4530029296875
      ],
      [
        0.0,
        0.0,
        0.0,
        1.0
      ]
    ],
    "33": [
      [
        0.0024325500708073378,
        0.9999970197677612,
        1.778220100125973e-15,
        -25107.30078125
      ],
      [
        -0.9999970197677612,
        0.0024325500708073378,
        -6.940429998157074e-15,
        7981.18017578125
      ],
      [
        -6.9447299609138105e-15,
        -1.7613300513994855e-15,
        1.0,
        207.4530029296875
      ],
      [
        0.0,
        0.0,
        0.0,
        1.0
      ]
    ],
    "34": [
      [
        0.0014266499783843756,
        0.9999989867210388,
        1.7876700232020157e-15,
        -25107.099609375
      ],
      [
        -0.9999989867210388,
        0.0014266499783843756,
        -6.9421901326214685e-15,
        7975.18017578125
      ],
      [
        -6.9447299609138105e-15,
        -1.7777699021145075e-15,
        1.0,
        207.4530029296875
      ],
      [
        0.0,
        0.0,
        0.0,
        1.0
      ]
    ],
    "35": [
      [
        0.0003756950027309358,
        1.0,
        1.797270082867959e-15,
        -25107.0
      ],
      [
        -1.0,
        0.0003756950027309358,
        -6.944059957852532e-15,
        7969.18017578125
      ],
      [
        -6.9447299609138105e-15,
        -1.794659950840995e-15,
        1.0,
        207.4530029296875
      ],
      [
        0.0,
        0.0,
        0.0,
        1.0
      ]
    ],
    "36": [
      [
        -0.0007203809800557792,
        1.0,
        1.8069999503330693e-15,
        -25106.80078125
      ],
      [
        -1.0,
        -0.0007203809800557792,
        -6.946039897366739e-15,
        7963.18017578125
      ],
      [
        -6.9447299609138105e-15,
        -1.8119999858207114e-15,
        1.0,
        207.4530029296875
      ],
      [
        0.0,
        0.0,
        0.0,
        1.0
      ]
    ],
    "37": [
      [
        -0.0018616400193423033,
        0.9999979734420776,
        1.8168600491138198e-15,
        -25106.599609375
      ],
      [
        -0.9999979734420776,
        -0.0018616400193423033,
        -6.948129951164089e-15,
        7957.169921875
      ],
      [
        -6.9447299609138105e-15,
        -1.8297900070536567e-15,
        1.0,
        207.4530029296875
      ],
      [
        0.0,
        0.0,
        0.0,
        1.0
      ]
    ],
    "38": [
      [
        -0.0030481601133942604,
        0.9999949932098389,
        1.8268400030566068e-15,
        -25106.5
      ],
      [
        -0.9999949932098389,
        -0.0030481601133942604,
        -6.950330119244582e-15,
        7951.18017578125
      ],
      [
        -6.9447299609138105e-15,
        -1.8480098975073335e-15,
        1.0,
        207.4530029296875
      ],
      [
        0.0,
        0.0,
        0.0,
        1.0
      ]
    ],
    "39": [
      [
        -0.004280009772628546,
        0.9999909996986389,
        1.836930071282537e-15,
        -25106.30078125
      ],
      [
        -0.9999909996986389,
        -0.004280009772628546,
        -6.952659883366005e-15,
        7945.18017578125
      ],
      [
        -6.9447299609138105e-15,
        -1.8666700333353457e-15,
        1.0,
        207.4530029296875
      ],
      [
        0.0,
        0.0,
        0.0,
        1.0
      ]
    ],
    "40": [
      [
        -0.00555725023150444,
        0.9999849796295166,
        1.8471399946705033e-15,
        -25106.19921875
      ],
      [
        -0.9999849796295166,
        -0.00555725023150444,
        -6.955109926165938e-15,
        7939.18017578125
      ],
      [
        -6.9447299609138105e-15,
        -1.8857600383840895e-15,
        1.0,
        207.4530029296875
      ],
      [
        0.0,
        0.0,
        0.0,
        1.0
      ]
    ],
    "41": [
      [
        -0.006879980210214853,
        0.9999759793281555,
        1.8574500797044827e-15,
        -25106.0
      ],
      [
        -0.9999759793281555,
        -0.006879980210214853,
        -6.957679824127908e-15,
        7933.18017578125
      ],
      [
        -6.9447299609138105e-15,
        -1.905279912653565e-15,
        1.0,
        207.4530029296875
      ],
      [
        0.0,
        0.0,
        0.0,
        1.0
      ]
    ],
    "42": [
      [
        -0.008248250000178814,
        0.999966025352478,
        1.8678599028680012e-15,
        -25105.80078125
      ],
      [
        -0.999966025352478,
        -0.008248250000178814,
        -6.9603801651637546e-15,
        7927.18994140625
      ],
      [
        -6.9447299609138105e-15,
        -1.925209962627748e-15,
        1.0,
        207.4530029296875
      ],
      [
        0.0,
        0.0,
        0.0,
        1.0
      ]
    ],
    "43": [
      [
        -0.009662169963121414,
        0.9999529719352722,
        1.8783700994357694e-15,
        -25105.69921875
      ],
      [
        -0.9999529719352722,
        -0.009662169963121414,
        -6.963210102240531e-15,
        7921.2001953125
      ],
      [
        -6.9447299609138105e-15,
        -1.9455599291855327e-15,
        1.0,
        207.4530029296875
      ],
      [
        0.0,
        0.0,
        0.0,
        1.0
      ]
    ],
    "44": [
      [
        -0.011121800169348717,
        0.9999380111694336,
        1.8889599171005795e-15,
        -25105.5
      ],
      [
        -0.9999380111694336,
        -0.011121800169348717,
        -6.966170058874711e-15,
        7915.2099609375
      ],
      [
        -6.9447299609138105e-15,
        -1.966320071448025e-15,
        1.0,
        207.4530029296875
      ],
      [
        0.0,
        0.0,
        0.0,
        1.0
      ]
    ],
    "45": [
      [
        -0.012627200223505497,
        0.9999200105667114,
        1.899629991137142e-15,
        -25105.400390625
      ],
      [
        -0.9999200105667114,
        -0.012627200223505497,
        -6.9692799403405555e-15,
        7909.22021484375
      ],
      [
        -6.9447299609138105e-15,
        -1.9874800132616216e-15,
        1.0,
        207.4530029296875
      ],
      [
        0.0,
        0.0,
        0.0,
        1.0
      ]
    ],
    "46": [
      [
        -0.014178499579429626,
        0.9998990297317505,
        1.910379898028983e-15,
        -25105.19921875
      ],
      [
        -0.9998990297317505,
        -0.014178499579429626,
        -6.972519841363803e-15,
        7903.22998046875
      ],
      [
        -6.9447299609138105e-15,
        -2.0090499190216892e-15,
        1.0,
        207.4530029296875
      ],
      [
        0.0,
        0.0,
        0.0,
        1.0
      ]
    ],
    "47": [
      [
        -0.018845900893211365,
        0.9998220205307007,
        1.9212200139297067e-15,
        -25105.099609375
      ],
      [
        -0.9998220205307007,
        -0.018845900893211365,
        -6.975919831614082e-15,
        7897.22998046875
      ],
      [
        -6.9384699639171276e-15,
        -2.052340078889962e-15,
        1.0,
        207.4530029296875
      ],
      [
        0.0,
        0.0,
        0.0,
        1.0
      ]
    ],
    "48": [
      [
        -0.029209600761532784,
        0.9995729923248291,
        1.9321700323553367e-15,
        -25104.900390625
      ],
      [
        -0.9995729923248291,
        -0.029209600761532784,
        -6.979479911091392e-15,
        7891.2001953125
      ],
      [
        -6.920060126325029e-15,
        -2.13520997080106e-15,
        1.0,
        207.4530029296875
      ],
      [
        0.0,
        0.0,
        0.0,
        1.0
      ]
    ],
    "49": [
      [
        -0.04470530152320862,
        0.9990000128746033,
        1.943179978361985e-15,
        -25104.80078125
      ],
      [
        -0.9990000128746033,
        -0.04470530152320862,
        -6.983200079795733e-15,
        7885.169921875
      ],
      [
        -6.889350099789377e-15,
        -2.253419983095739e-15,
        1.0,
        207.4530029296875
      ],
      [
        0.0,
        0.0,
        0.0,
        1.0
      ]
    ],
    "50": [
      [
        -0.06477019935846329,
        0.9979000091552734,
        1.954239899312521e-15,
        -25104.599609375
      ],
      [
        -0.9979000091552734,
        -0.06477019935846329,
        -6.9870701733317376e-15,
        7879.14990234375
      ],
      [
        -6.845829970475925e-15,
        -2.4026900582915225e-15,
        1.0,
        207.4530029296875
      ],
      [
        0.0,
        0.0,
        0.0,
        1.0
      ]
    ],
    "51": [
      [
        -0.08883179724216461,
        0.9960470199584961,
        1.9653301016909217e-15,
        -25104.5
      ],
      [
        -0.9960470199584961,
        -0.08883179724216461,
        -6.991110096973667e-15,
        7873.1298828125
      ],
      [
        -6.788889874662649e-15,
        -2.5785999549531643e-15,
        1.0,
        207.4530029296875
      ],
      [
        0.0,
        0.0,
        0.0,
        1.0
      ]
    ],
    "52": [
      [
        -0.11630599945783615,
        0.9932129979133606,
        1.9764599028596064e-15,
        -25104.30078125
      ],
      [
        -0.9932129979133606,
        -0.11630599945783615,
        -6.9953101098426274e-15,
        7867.10986328125
      ],
      [
        -6.717960182692521e-15,
        -2.7766500223066126e-15,
        1.0,
        207.4530029296875
      ],
      [
        0.0,
        0.0,
        0.0,
        1.0
      ]
    ],
    "53": [
      [
        -0.1465969979763031,
        0.9891960024833679,
        1.9876199854561554e-15,
        -25104.19921875
      ],
      [
        -0.9891960024833679,
        -0.1465969979763031,
        -6.999679952817512e-15,
        7861.08984375
      ],
      [
        -6.632680058530011e-15,
        -2.992280046722087e-15,
        1.0,
        207.4530029296875
      ],
      [
        0.0,
        0.0,
        0.0,
        1.0
      ]
    ],
    "54": [
      [
        -0.17909899353981018,
        0.983830988407135,
        1.9987900206898347e-15,
        -25104.099609375
      ],
      [
        -0.983830988407135,
        -0.17909899353981018,
        -7.0042200494147954e-15,
        7855.06982421875
      ],
      [
        -6.5329902098688105e-15,
        -3.220920073690914e-15,
        1.0,
        207.4530029296875
      ],
      [
        0.0,
        0.0,
        0.0,
        1.0
      ]
    ],
    "55": [
      [
        -0.21320100128650665,
        0.9770079851150513,
        2.009970008560644e-15,
        -25104.0
      ],
      [
        -0.9770079851150513,
        -0.21320100128650665,
        -7.00894014051337e-15,
        7849.0498046875
      ],
      [
        -6.41927010746929e-15,
        -3.458060076285438e-15,
        1.0,
        207.4530029296875
      ],
      [
        0.0,
        0.0,
        0.0,
        1.0
      ]
    ],
    "56": [
      [
        -0.24828800559043884,
        0.9686859846115112,
        2.0211499964314537e-15,
        -25103.900390625
      ],
      [
        -0.9686859846115112,
        -0.24828800559043884,
        -7.013830061717869e-15,
        7843.0400390625
      ],
      [
        -6.292379913289386e-15,
        -3.699310094498276e-15,
        1.0,
        207.4530029296875
      ],
      [
        0.0,
        0.0,
        0.0,
        1.0
      ]
    ],
    "57": [
      [
        -0.28375598788261414,
        0.9588959813117981,
        2.032320031665133e-15,
        -25103.69921875
      ],
      [
        -0.9588959813117981,
        -0.28375598788261414,
        -7.018910141819027e-15,
        7837.02978515625
      ],
      [
        -6.153729937186277e-15,
        -3.9404502101862086e-15,
        1.0,
        207.4530029296875
      ],
      [
        0.0,
        0.0,
        0.0,
        1.0
      ]
    ],
    "58": [
      [
        -0.31901299953460693,
        0.9477499723434448,
        2.043479902503445e-15,
        -25103.599609375
      ],
      [
        -0.9477499723434448,
        -0.31901299953460693,
        -7.024179957300369e-15,
        7831.02001953125
      ],
      [
        -6.005270049004542e-15,
        -4.17751990904611e-15,
        1.0,
        207.4530029296875
      ],
      [
        0.0,
        0.0,
        0.0,
        1.0
      ]
    ],
    "59": [
      [
        -0.3534899950027466,
        0.9354379773139954,
        2.0546099154303667e-15,
        -25103.5
      ],
      [
        -0.9354379773139954,
        -0.3534899950027466,
        -7.0296399316783706e-15,
        7825.009765625
      ],
      [
        -5.849510007366896e-15,
        -4.40687017314121e-15,
        1.0,
        207.4530029296875
      ],
      [
        0.0,
        0.0,
        0.0,
        1.0
      ]
    ],
    "60": [
      [
        -0.38664600253105164,
        0.9222279787063599,
        2.0657100704458975e-15,
        -25103.400390625
      ],
      [
        -0.9222279787063599,
        -0.38664600253105164,
        -7.0352900649530304e-15,
        7819.009765625
      ],
      [
        -5.689439838577146e-15,
        -4.625230184745685e-15,
        1.0,
        207.4530029296875
      ],
      [
        0.0,
        0.0,
        0.0,
        1.0
      ]
    ],
    "61": [
      [
        -0.4179750084877014,
        0.9084579944610596,
        2.0767699913964337e-15,
        -25103.400390625
      ],
      [
        -0.9084579944610596,
        -0.4179750084877014,
        -7.041140098003242e-15,
        7813.009765625
      ],
      [
        -5.528540001015561e-15,
        -4.829679797773876e-15,
        1.0,
        207.4530029296875
      ],
      [
        0.0,
        0.0,
        0.0,
        1.0
      ]
    ],
    "62": [
      [
        -0.44700899720191956,
        0.8945289850234985,
        2.0877699847659517e-15,
        -25103.30078125
      ],
      [
        -0.8945289850234985,
        -0.44700899720191956,
        -7.047190030829006e-15,
        7807.0
      ],
      [
        -5.3706700003063046e-15,
        -5.017730005910277e-15,
        1.0,
        207.4530029296875
      ],
      [
        0.0,
        0.0,
        0.0,
        1.0
      ]
    ],
    "63": [
      [
        -0.4733160138130188,
        0.8808929920196533,
        2.0987100505544514e-15,
        -25103.19921875
      ],
      [
        -0.8808929920196533,
        -0.4733160138130188,
        -7.053439863430322e-15,
        7801.009765625
      ],
      [
        -5.219979874374449e-15,
        -5.187250097776069e-15,
        1.0,
        207.4530029296875
      ],
      [
        0.0,
        0.0,
        0.0,
        1.0
      ]
    ],
    "64": [
      [
        -0.4964990019798279,
        0.8680369853973389,
        2.109580024366566e-15,
        -25103.099609375
      ],
      [
        -0.8680369853973389,
        -0.4964990019798279,
        -7.059909924597924e-15,
        7795.009765625
      ],
      [
        -5.080859794985614e-15,
        -5.3364401283583374e-15,
        1.0,
        207.4530029296875
      ],
      [
        0.0,
        0.0,
        0.0,
        1.0
      ]
    ],
    "65": [
      [
        -0.5161920189857483,
        0.8564730286598206,
        2.1203699535651648e-15,
        -25103.099609375
      ],
      [
        -0.8564730286598206,
        -0.5161920189857483,
        -7.066590049936445e-15,
        7789.02001953125
      ],
      [
        -4.957819789067454e-15,
        -5.463760191758973e-15,
        1.0,
        207.4530029296875
      ],
      [
        0.0,
        0.0,
        0.0,
        1.0
      ]
    ],
    "66": [
      [
        -0.5320450067520142,
        0.8467159867286682,
        2.131080049908485e-15,
        -25103.0
      ],
      [
        -0.8467159867286682,
        -0.5320450067520142,
        -7.0734798159294114e-15,
        7783.02001953125
      ],
      [
        -4.855399953217253e-15,
        -5.567819883395058e-15,
        1.0,
        207.4530029296875
      ],
      [
        0.0,
        0.0,
        0.0,
        1.0
      ]
    ],
    "67": [
      [
        -0.5437129735946655,
        0.8392710089683533,
        2.141670079331532e-15,
        -25103.0
      ],
      [
        -0.8392710089683533,
        -0.5437129735946655,
        -7.080589810488664e-15,
        7777.02978515625
      ],
      [
        -4.778079821176565e-15,
        -5.647249974507357e-15,
        1.0,
        207.4530029296875
      ],
      [
        0.0,
        0.0,
        0.0,
        1.0
      ]
    ],
    "68": [
      [
        -0.5508400201797485,
        0.8346109986305237,
        2.152159947108566e-15,
        -25102.900390625
      ],
      [
        -0.8346109986305237,
        -0.5508400201797485,
        -7.087920033614203e-15,
        7771.0498046875
      ],
      [
        -4.730160202735074e-15,
        -5.700530040955547e-15,
        1.0,
        207.4530029296875
      ],
      [
        0.0,
        0.0,
        0.0,
        1.0
      ]
    ],
    "69": [
      [
        -0.5530629754066467,
        0.8331390023231506,
        2.1625399123606937e-15,
        -25102.900390625
      ],
      [
        -0.8331390023231506,
        -0.5530629754066467,
        -7.095479802668447e-15,
        7765.06005859375
      ],
      [
        -4.715509920879364e-15,
        -5.7259401823402285e-15,
        1.0,
        207.4530029296875
      ],
      [
        0.0,
        0.0,
        0.0,
        1.0
      ]
    ],
    "70": [
      [
        -0.5504230260848999,
        0.8348860144615173,
        2.1728800670643006e-15,
        -25102.900390625
      ],
      [
        -0.8348860144615173,
        -0.5504230260848999,
        -7.103350009297861e-15,
        7759.009765625
      ],
      [
        -4.7344898116449645e-15,
        -5.7239500784306546e-15,
        1.0,
        207.4530029296875
      ],
      [
        0.0,
        0.0,
        0.0,
        1.0
      ]
    ],
    "71": [
      [
        -0.5433120131492615,
        0.8395310044288635,
        2.183080037815137e-15,
        -25102.900390625
      ],
      [
        -0.8395310044288635,
        -0.5433120131492615,
        -7.111459926251347e-15,
        7752.97021484375
      ],
      [
        -4.784200057736951e-15,
        -5.696499858192511e-15,
        1.0,
        207.4530029296875
      ],
      [
        0.0,
        0.0,
        0.0,
        1.0
      ]
    ],
    "72": [
      [
        -0.5321249961853027,
        0.8466659784317017,
        2.193109966701812e-15,
        -25102.900390625
      ],
      [
        -0.8466659784317017,
        -0.5321249961853027,
        -7.11980997704538e-15,
        7746.93017578125
      ],
      [
        -4.861089897040434e-15,
        -5.6454601938898084e-15,
        1.0,
        207.4530029296875
      ],
      [
        0.0,
        0.0,
        0.0,
        1.0
      ]
    ],
    "73": [
      [
        -0.5172330141067505,
        0.8558449745178223,
        2.2029800181196926e-15,
        -25102.900390625
      ],
      [
        -0.8558449745178223,
        -0.5172330141067505,
        -7.128399738163486e-15,
        7740.89013671875
      ],
      [
        -4.961340057996243e-15,
        -5.572450189001224e-15,
        1.0,
        207.4530029296875
      ],
      [
        0.0,
        0.0,
        0.0,
        1.0
      ]
    ],
    "74": [
      [
        -0.4990040063858032,
        0.866599977016449,
        2.2126700750362818e-15,
        -25102.900390625
      ],
      [
        -0.866599977016449,
        -0.4990040063858032,
        -7.137230056638612e-15,
        7734.85986328125
      ],
      [
        -5.0809898145430174e-15,
        -5.4790101729413395e-15,
        1.0,
        207.4530029296875
      ],
      [
        0.0,
        0.0,
        0.0,
        1.0
      ]
    ],
    "75": [
      [
        -0.4778119921684265,
        0.878462016582489,
        2.2221699730562124e-15,
        -25102.900390625
      ],
      [
        -0.878462016582489,
        -0.4778119921684265,
        -7.146310249833178e-15,
        7728.81982421875
      ],
      [
        -5.215980184797514e-15,
        -5.366689792487157e-15,
        1.0,
        207.4530029296875
      ],
      [
        0.0,
        0.0,
        0.0,
        1.0
      ]
    ],
    "76": [
      [
        -0.4778119921684265,
        0.878462016582489,
        2.2221699730562124e-15,
        -25102.900390625
      ],
      [
        -0.878462016582489,
        -0.4778119921684265,
        -7.146310249833178e-15,
        7728.81982421875
      ],
      [
        -5.215980184797514e-15,
        -5.366689792487157e-15,
        1.0,
        207.4530029296875
      ],
      [
        0.0,
        0.0,
        0.0,
        1.0
      ]
    ]
  },
  "tgt_cam": {
    "0": [
      [
        -0.4540500044822693,
        0.8909760117530823,
        2.231469971300591e-15,
        -25103.0
      ],
      [
        -0.8909760117530823,
        -0.4540500044822693,
        -7.155649635109604e-15,
        7722.7900390625
      ],
      [
        -5.362310208633378e-15,
        -5.2372097950710225e-15,
        1.0,
        207.4530029296875
      ],
      [
        0.0,
        0.0,
        0.0,
        1.0
      ]
    ],
    "1": [
      [
        -0.4540500044822693,
        0.8909760117530823,
        2.231469971300591e-15,
        -25103.0
      ],
      [
        -0.8909760117530823,
        -0.4540500044822693,
        -7.155649635109604e-15,
        7722.7900390625
      ],
      [
        -5.362310208633378e-15,
        -5.2372097950710225e-15,
        1.0,
        207.4530029296875
      ],
      [
        0.0,
        0.0,
        0.0,
        1.0
      ]
    ],
    "2": [
      [
        -0.42813900113105774,
        0.9037129878997803,
        2.2405499527369203e-15,
        -25103.0
      ],
      [
        -0.9037129878997803,
        -0.42813900113105774,
        -7.165239742138417e-15,
        7716.759765625
      ],
      [
        -5.516050076691823e-15,
        -5.09252979141641e-15,
        1.0,
        207.4530029296875
      ],
      [
        0.0,
        0.0,
        0.0,
        1.0
      ]
    ],
    "3": [
      [
        -0.40052899718284607,
        0.9162840247154236,
        2.24939996472807e-15,
        -25103.099609375
      ],
      [
        -0.9162840247154236,
        -0.40052899718284607,
        -7.17507972388667e-15,
        7710.740234375
      ],
      [
        -5.67346013851072e-15,
        -4.934910088943067e-15,
        1.0,
        207.4530029296875
      ],
      [
        0.0,
        0.0,
        0.0,
        1.0
      ]
    ],
    "4": [
      [
        -0.3717010021209717,
        0.9283519983291626,
        2.25801005463691e-15,
        -25103.099609375
      ],
      [
        -0.9283519983291626,
        -0.3717010021209717,
        -7.18517974474973e-15,
        7704.72021484375
      ],
      [
        -5.831079840984063e-15,
        -4.766970137040378e-15,
        1.0,
        207.4530029296875
      ],
      [
        0.0,
        0.0,
        0.0,
        1.0
      ]
    ],
    "5": [
      [
        -0.34217000007629395,
        0.9396380186080933,
        2.266360105430943e-15,
        -25103.19921875
      ],
      [
        -0.9396380186080933,
        -0.34217000007629395,
        -7.195539804727598e-15,
        7698.7001953125
      ],
      [
        -5.985729845944332e-15,
        -4.591660151463629e-15,
        1.0,
        207.4530029296875
      ],
      [
        0.0,
        0.0,
        0.0,
        1.0
      ]
    ],
    "6": [
      [
        -0.3124769926071167,
        0.9499250054359436,
        2.274449905351932e-15,
        -25103.30078125
      ],
      [
        -0.9499250054359436,
        -0.3124769926071167,
        -7.20617006821564e-15,
        7692.68017578125
      ],
      [
        -6.134609862467905e-15,
        -4.412319983123844e-15,
        1.0,
        207.4530029296875
      ],
      [
        0.0,
        0.0,
        0.0,
        1.0
      ]
    ],
    "7": [
      [
        -0.2831859886646271,
        0.9590650200843811,
        2.2822699252792204e-15,
        -25103.400390625
      ],
      [
        -0.9590650200843811,
        -0.2831859886646271,
        -7.217060370818488e-15,
        7686.66015625
      ],
      [
        -6.275319822698737e-15,
        -4.232619825781476e-15,
        1.0,
        207.4530029296875
      ],
      [
        0.0,
        0.0,
        0.0,
        1.0
      ]
    ],
    "8": [
      [
        -0.2548789978027344,
        0.9669730067253113,
        2.289790095543181e-15,
        -25103.5
      ],
      [
        -0.9669730067253113,
        -0.2548789978027344,
        -7.228220029898563e-15,
        7680.64990234375
      ],
      [
        -6.405870046243727e-15,
