{
  "cond_cam": {
    "0": [
      [
        0.9999330043792725,
        -0.011588400229811668,
        -5.9348600117475545e-15,
        3700.97998046875
      ],
      [
        0.011588400229811668,
        0.9999330043792725,
        -1.5678199747642019e-15,
        10272.099609375
      ],
      [
        5.9526299159480024e-15,
        1.498939996647311e-15,
        1.0,
        212.11000061035156
      ],
      [
        0.0,
        0.0,
        0.0,
        1.0
      ]
    ],
    "1": [
      [
        0.9999330043792725,
        -0.011588400229811668,
        -5.9348600117475545e-15,
        3700.97998046875
      ],
      [
        0.011588400229811668,
        0.9999330043792725,
        -1.5678199747642019e-15,
        10272.099609375
      ],
      [
        5.9526299159480024e-15,
        1.498939996647311e-15,
        1.0,
        212.11000061035156
      ],
      [
        0.0,
        0.0,
        0.0,
        1.0
      ]
    ],
    "2": [
      [
        0.9999330043792725,
        -0.011588400229811668,
        -5.9348600117475545e-15,
        3700.97998046875
      ],
      [
        0.011588400229811668,
        0.9999330043792725,
        -1.5678199747642019e-15,
        10272.099609375
      ],
      [
        5.9526299159480024e-15,
        1.498939996647311e-15,
        1.0,
        212.11000061035156
      ],
      [
        0.0,
        0.0,
        0.0,
        1.0
      ]
    ],
    "3": [
      [
        0.9999459981918335,
        -0.010420899838209152,
        -5.936690026430097e-15,
        3688.909912109375
      ],
      [
        0.010420899838209152,
        0.9999459981918335,
        -1.5602199716449627e-15,
        10272.099609375
      ],
      [
        5.9526299159480024e-15,
        1.4982699935860329e-15,
        1.0,
        212.11000061035156
      ],
      [
        0.0,
        0.0,
        0.0,
        1.0
      ]
    ],
    "4": [
      [
        0.9999560117721558,
        -0.00942882988601923,
        -5.938249837602466e-15,
        3676.860107421875
      ],
      [
        0.00942882988601923,
        0.9999560117721558,
        -1.5528100215432637e-15,
        10272.099609375
      ],
      [
        5.9526299159480024e-15,
        1.496749992962185e-15,
        1.0,
        212.11000061035156
      ],
      [
        0.0,
        0.0,
        0.0,
        1.0
      ]
    ],
    "5": [
      [
        0.9999629855155945,
        -0.008612589910626411,
        -5.9395398687811345e-15,
        3664.81005859375
      ],
      [
        0.008612589910626411,
        0.9999629855155945,
        -1.5456199823704955e-15,
        10272.2001953125
      ],
      [
        5.9526299159480024e-15,
        1.4944099585662766e-15,
        1.0,
        212.11000061035156
      ],
      [
        0.0,
        0.0,
        0.0,
        1.0
      ]
    ],
    "6": [
      [
        0.9999679923057556,
        -0.007972770370543003,
        -5.940549955570735e-15,
        3652.780029296875
      ],
      [
        0.007972770370543003,
        0.9999679923057556,
        -1.5386699711591556e-15,
        10272.2001953125
      ],
      [
        5.9526299159480024e-15,
        1.4912599489145563e-15,
        1.0,
        212.11000061035156
      ],
      [
        0.0,
        0.0,
        0.0,
        1.0
      ]
    ],
    "7": [
      [
        0.9999719858169556,
        -0.007509959861636162,
        -5.941289838850162e-15,
        3640.77001953125
      ],
      [
        0.007509959861636162,
        0.9999719858169556,
        -1.5319799990626227e-15,
        10272.099609375
      ],
      [
        5.9526299159480024e-15,
        1.487319975160403e-15,
        1.0,
        212.11000061035156
      ],
      [
        0.0,
        0.0,
        0.0,
        1.0
      ]
    ],
    "8": [
      [
        0.9999740123748779,
        -0.007224749773740768,
        -5.941759942135888e-15,
        3628.77001953125
      ],
      [
        0.007224749773740768,
        0.9999740123748779,
        -1.5255699713551574e-15,
        10272.099609375
      ],
      [
        5.9526299159480024e-15,
        1.4826100484571954e-15,
        1.0,
        212.11000061035156
      ],
      [
        0.0,
        0.0,
        0.0,
        1.0
      ]
    ],
    "9": [
      [
        0.9999750256538391,
        -0.007117739878594875,
        -5.94195984191144e-15,
        3616.780029296875
      ],
      [
        0.007117739878594875,
        0.9999750256538391,
        -1.5194600050692569e-15,
        10272.0
      ],
      [
        5.9526299159480024e-15,
        1.4771299570466969e-15,
        1.0,
        212.11000061035156
      ],
      [
        0.0,
        0.0,
        0.0,
        1.0
      ]
    ],
    "10": [
      [
        0.9999740123748779,
        -0.00718956021592021,
        -5.9419001260886586e-15,
        3604.81005859375
      ],
      [
        0.00718956021592021,
        0.9999740123748779,
        -1.513679958116312e-15,
        10271.900390625
      ],
      [
        5.9526299159480024e-15,
        1.4709200408730204e-15,
        1.0,
        212.11000061035156
      ],
      [
        0.0,
        0.0,
        0.0,
        1.0
      ]
    ],
    "11": [
      [
        0.9999719858169556,
        -0.007440839894115925,
        -5.941570206755703e-15,
        3592.85009765625
      ],
      [
        0.007440839894115925,
        0.9999719858169556,
        -1.5082300422545594e-15,
        10271.7998046875
      ],
      [
        5.9526299159480024e-15,
        1.4639799822988107e-15,
        1.0,
        212.11000061035156
      ],
      [
        0.0,
        0.0,
        0.0,
        1.0
      ]
    ],
    "12": [
      [
        0.9999690055847168,
        -0.00787224993109703,
        -5.940979824791467e-15,
        3580.89990234375
      ],
      [
        0.00787224993109703,
        0.9999690055847168,
        -1.5031400095162715e-15,
        10271.599609375
      ],
      [
        5.9526299159480024e-15,
        1.4563300042356835e-15,
        1.0,
        212.11000061035156
      ],
      [
        0.0,
        0.0,
        0.0,
        1.0
      ]
    ],
    "13": [
      [
        0.9999639987945557,
        -0.008484450168907642,
        -5.940129827228897e-15,
        3568.969970703125
      ],
      [
        0.008484450168907642,
        0.9999639987945557,
        -1.4984400354501942e-15,
        10271.5
      ],
      [
        5.9526299159480024e-15,
        1.4479799534416506e-15,
        1.0,
        212.11000061035156
      ],
      [
        0.0,
        0.0,
        0.0,
        1.0
      ]
    ],
    "14": [
      [
        0.9999570250511169,
        -0.009289080277085304,
        -5.939010049672627e-15,
        3556.909912109375
      ],
      [
        0.009289080277085304,
        0.9999570250511169,
        -1.494080039233321e-15,
        10271.2001953125
      ],
      [
        5.9526299159480024e-15,
        1.438840044424303e-15,
        1.0,
        212.11000061035156
      ],
      [
        0.0,
        0.0,
        0.0,
        1.0
      ]
    ],
    "15": [
      [
        0.9999470114707947,
        -0.010281999595463276,
        -5.9376200686061826e-15,
        3544.85009765625
      ],
      [
        0.010281999595463276,
        0.9999470114707947,
        -1.4901399596000493e-15,
        10271.0
      ],
      [
        5.9526299159480024e-15,
        1.42901001531318e-15,
        1.0,
        212.11000061035156
      ],
      [
        0.0,
        0.0,
        0.0,
        1.0
      ]
    ],
    "16": [
      [
        0.9999340176582336,
        -0.01146289985626936,
        -5.935979789303825e-15,
        3532.81005859375
      ],
      [
        0.01146289985626936,
        0.9999340176582336,
        -1.4866499720991248e-15,
        10270.7001953125
      ],
      [
        5.9526299159480024e-15,
        1.418509983140779e-15,
        1.0,
        212.11000061035156
      ],
      [
        0.0,
        0.0,
        0.0,
        1.0
      ]
    ],
    "17": [
      [
        0.9999179840087891,
        -0.012832500040531158,
        -5.934079894403133e-15,
        3520.780029296875
      ],
      [
        0.012832500040531158,
        0.9999179840087891,
        -1.483629982004808e-15,
        10270.2998046875
      ],
      [
        5.9526299159480024e-15,
        1.4073599590604786e-15,
        1.0,
        212.11000061035156
      ],
      [
        0.0,
        0.0,
        0.0,
        1.0
      ]
    ],
    "18": [
      [
        0.9998959898948669,
        -0.014391699805855751,
        -5.931930124783002e-15,
        3508.760009765625
      ],
      [
        0.014391699805855751,
        0.9998959898948669,
        -1.4811000004704778e-15,
        10269.900390625
      ],
      [
        5.9526299159480024e-15,
        1.3955799542256578e-15,
        1.0,
        212.11000061035156
      ],
      [
        0.0,
        0.0,
        0.0,
        1.0
      ]
    ],
    "19": [
      [
        0.9998700022697449,
        -0.016141200438141823,
        -5.929530056926957e-15,
        3496.77001953125
      ],
      [
        0.016141200438141823,
        0.9998700022697449,
        -1.4790699801332644e-15,
        10269.5
      ],
      [
        5.9526299159480024e-15,
        1.3831699686363166e-15,
        1.0,
        212.11000061035156
      ],
      [
        0.0,
        0.0,
        0.0,
        1.0
      ]
    ],
    "20": [
      [
        0.9998369812965393,
        -0.018081799149513245,
        -5.926880114351472e-15,
        3484.7900390625
      ],
      [
        0.018081799149513245,
        0.9998369812965393,
        -1.4775699906627955e-15,
        10269.0
      ],
      [
        5.9526299159480024e-15,
        1.3701599660829642e-15,
        1.0,
        212.11000061035156
      ],
      [
        0.0,
        0.0,
        0.0,
        1.0
      ]
    ],
    "21": [
      [
        0.9997959733009338,
        -0.020214300602674484,
        -5.92399003793544e-15,
        3472.830078125
      ],
      [
        0.020214300602674484,
        0.9997959733009338,
        -1.4766099846962011e-15,
        10268.400390625
      ],
      [
        5.9526299159480024e-15,
        1.3565600050818491e-15,
        1.0,
        212.11000061035156
      ],
      [
        0.0,
        0.0,
        0.0,
        1.0
      ]
    ],
    "22": [
      [
        0.9997460246086121,
        -0.022539399564266205,
        -5.920859827678862e-15,
        3460.8798828125
      ],
      [
        0.022539399564266205,
        0.9997460246086121,
        -1.4762099733868603e-15,
        10267.7998046875
      ],
      [
        5.9526299159480024e-15,
        1.3423800382701017e-15,
        1.0,
        212.11000061035156
      ],
      [
        0.0,
        0.0,
        0.0,
        1.0
      ]
    ],
    "23": [
      [
        0.9996860027313232,
        -0.025058100000023842,
        -5.9174899070982105e-15,
        3448.9599609375
      ],
      [
        0.025058100000023842,
        0.9996860027313232,
        -1.4763800152510216e-15,
        10267.099609375
      ],
      [
        5.9526299159480024e-15,
        1.3276399709219824e-15,
        1.0,
        212.11000061035156
      ],
      [
        0.0,
        0.0,
        0.0,
        1.0
      ]
    ],
    "24": [
      [
        0.9996140003204346,
        -0.0277709998190403,
        -5.91389001707238e-15,
        3437.050048828125
      ],
      [
        0.0277709998190403,
        0.9996140003204346,
        -1.4771499682000758e-15,
        10266.400390625
      ],
      [
        5.9526299159480024e-15,
        1.3123499674328582e-15,
        1.0,
        212.11000061035156
      ],
      [
        0.0,
        0.0,
        0.0,
        1.0
      ]
    ],
    "25": [
      [
        0.9995279908180237,
        -0.03072120063006878,
        -5.910000018262114e-15,
        3425.0
      ],
      [
        0.03072120063006878,
        0.9995279908180237,
        -1.478559960419899e-15,
        10265.599609375
      ],
      [
        5.9526299159480024e-15,
        1.29629996363181e-15,
        1.0,
        212.11000061035156
      ],
      [
        0.0,
        0.0,
        0.0,
        1.0
      ]
    ],
    "26": [
      [
        0.999426007270813,
        -0.033875398337841034,
        -5.905860144732409e-15,
        3412.949951171875
      ],
      [
        0.033875398337841034,
        0.999426007270813,
        -1.4806099919104912e-15,
        10264.7998046875
      ],
      [
        5.9526299159480024e-15,
        1.2797000236897571e-15,
        1.0,
        212.11000061035156
      ],
      [
        0.0,
        0.0,
        0.0,
        1.0
      ]
    ],
    "27": [
      [
        0.9993069767951965,
        -0.03723210096359253,
        -5.9014898782410504e-15,
        3400.929931640625
      ],
      [
        0.03723210096359253,
        0.9993069767951965,
        -1.4833300264623615e-15,
        10263.7998046875
      ],
      [
        5.9526299159480024e-15,
        1.26258000551809e-15,
        1.0,
        212.11000061035156
      ],
      [
        0.0,
        0.0,
        0.0,
        1.0
      ]
    ],
    "28": [
      [
        0.9991679787635803,
        -0.04079199954867363,
        -5.896890065820986e-15,
        3388.929931640625
      ],
      [
        0.04079199954867363,
        0.9991679787635803,
        -1.4867300167126403e-15,
        10262.7998046875
      ],
      [
        5.9526299159480024e-15,
        1.2449499676330574e-15,
        1.0,
        212.11000061035156
      ],
      [
        0.0,
        0.0,
        0.0,
        1.0
      ]
    ],
    "29": [
      [
        0.999006986618042,
        -0.044555798172950745,
        -5.892059860439268e-15,
        3376.949951171875
      ],
      [
        0.044555798172950745,
        0.999006986618042,
        -1.4908299738147063e-15,
        10261.7998046875
      ],
      [
        5.9526299159480024e-15,
        1.226819968550908e-15,
        1.0,
        212.11000061035156
      ],
      [
        0.0,
        0.0,
        0.0,
        1.0
      ]
    ],
    "30": [
      [
        0.9988219738006592,
        -0.04852420091629028,
        -5.886989944733478e-15,
        3364.989990234375
      ],
      [
        0.04852420091629028,
        0.9988219738006592,
        -1.4956399562848083e-15,
        10260.599609375
      ],
      [
        5.9526299159480024e-15,
        1.2082199720621508e-15,
        1.0,
        212.11000061035156
      ],
      [
        0.0,
        0.0,
        0.0,
        1.0
      ]
    ],
    "31": [
      [
        0.9986109733581543,
        -0.0526978000998497,
        -5.8816900595825075e-15,
        3353.050048828125
      ],
      [
        0.0526978000998497,
        0.9986109733581543,
        -1.501179975276325e-15,
        10259.400390625
      ],
      [
        5.9526299159480024e-15,
        1.1891400255296556e-15,
        1.0,
        212.11000061035156
      ],
      [
        0.0,
        0.0,
        0.0,
        1.0
      ]
    ],
    "32": [
      [
        0.9983699917793274,
        -0.05707719922065735,
        -5.876169945865251e-15,
        3341.139892578125
      ],
      [
        0.05707719922065735,
        0.9983699917793274,
        -1.5074700419426355e-15,
        10258.099609375
      ],
      [
        5.9526299159480024e-15,
        1.1696200453810619e-15,
        1.0,
        212.11000061035156
      ],
      [
        0.0,
        0.0,
        0.0,
        1.0
      ]
    ],
    "33": [
      [
        0.9980970025062561,
        -0.06166290119290352,
        -5.870410121823922e-15,
        3329.25
      ],
      [
        0.06166290119290352,
        0.9980970025062561,
        -1.5145200030417514e-15,
        10256.7001953125
      ],
      [
        5.9526299159480024e-15,
        1.1496499731001209e-15,
        1.0,
        212.11000061035156
      ],
      [
        0.0,
        0.0,
        0.0,
        1.0
      ]
    ],
    "34": [
      [
        0.9977890253067017,
        -0.06645529717206955,
        -5.864430069216307e-15,
        3317.389892578125
      ],
      [
        0.06645529717206955,
        0.9977890253067017,
        -1.52234002296904e-15,
        10255.2001953125
      ],
      [
        5.9526299159480024e-15,
        1.1292599842355785e-15,
        1.0,
        212.11000061035156
      ],
      [
        0.0,
        0.0,
        0.0,
        1.0
      ]
    ],
    "35": [
      [
        0.9974430203437805,
        -0.071465402841568,
        -5.858200141889251e-15,
        3305.530029296875
      ],
      [
        0.071465402841568,
        0.9974430203437805,
        -1.5309700181521404e-15,
        10253.599609375
      ],
      [
        5.9526299159480024e-15,
        1.1083999979644285e-15,
        1.0,
        212.11000061035156
      ],
      [
        0.0,
        0.0,
        0.0,
        1.0
      ]
    ],
    "36": [
      [
        0.9970510005950928,
        -0.0767458975315094,
        -5.851660200503501e-15,
        3293.550048828125
      ],
      [
        0.0767458975315094,
        0.9970510005950928,
        -1.5405299496322076e-15,
        10251.900390625
      ],
      [
        5.9526299159480024e-15,
        1.0868999724225094e-15,
        1.0,
        212.11000061035156
      ],
      [
        0.0,
        0.0,
        0.0,
        1.0
      ]
    ],
    "37": [
      [
        0.9966130256652832,
        -0.08223959803581238,
        -5.844880125277204e-15,
        3281.610107421875
      ],
      [
        0.08223959803581238,
        0.9966130256652832,
        -1.550919973400584e-15,
        10250.099609375
      ],
      [
        5.9526299159480024e-15,
        1.0649899829341192e-15,
        1.0,
        212.11000061035156
      ],
      [
        0.0,
        0.0,
        0.0,
        1.0
      ]
    ],
    "38": [
      [
        0.9961249828338623,
        -0.08794660121202469,
        -5.83785991621036e-15,
        3269.68994140625
      ],
      [
        0.08794660121202469,
        0.9961249828338623,
        -1.5621699473686605e-15,
        10248.2998046875
      ],
      [
        5.9526299159480024e-15,
        1.042699993289767e-15,
        1.0,
        212.11000061035156
      ],
      [
        0.0,
        0.0,
        0.0,
        1.0
      ]
    ],
    "39": [
      [
        0.995585024356842,
        -0.09386680275201797,
        -5.8305999968194435e-15,
        3257.800048828125
      ],
      [
        0.09386680275201797,
        0.995585024356842,
        -1.5742799774155552e-15,
        10246.2998046875
      ],
      [
        5.9526299159480024e-15,
        1.020030003489453e-15,
        1.0,
        212.11000061035156
      ],
      [
        0.0,
        0.0,
        0.0,
        1.0
      ]
    ],
    "40": [
      [
        0.9949870109558105,
        -0.09999989718198776,
        -5.823090202709087e-15,
        3245.93994140625
      ],
      [
        0.09999989718198776,
        0.9949870109558105,
        -1.5872800273317774e-15,
        10244.2001953125
      ],
      [
        5.9526299159480024e-15,
        9.97009977323686e-16,
        1.0,
        212.11000061035156
      ],
      [
        0.0,
        0.0,
        0.0,
        1.0
      ]
    ],
    "41": [
      [
        0.9943289756774902,
        -0.1063460037112236,
        -5.815330110362817e-15,
        3234.110107421875
      ],
      [
        0.1063460037112236,
        0.9943289756774902,
        -1.6011600386010784e-15,
        10242.0
      ],
      [
        5.9526299159480024e-15,
        9.736429852869e-16,
        1.0,
        212.11000061035156
      ],
      [
        0.0,
        0.0,
        0.0,
        1.0
      ]
    ],
    "42": [
      [
        0.9936059713363647,
        -0.11290299892425537,
        -5.807320143297106e-15,
        3222.31005859375
      ],
      [
        0.11290299892425537,
        0.9936059713363647,
        -1.6159400223768371e-15,
        10239.7001953125
      ],
      [
        5.9526299159480024e-15,
        9.499439563347904e-16,
        1.0,
        212.11000061035156
      ],
      [
        0.0,
        0.0,
        0.0,
        1.0
      ]
    ],
    "43": [
      [
        0.992812991142273,
        -0.11967200040817261,
        -5.799039972721222e-15,
        3210.5400390625
      ],
      [
        0.11967200040817261,
        0.992812991142273,
        -1.6316399898124324e-15,
        10237.2998046875
      ],
      [
        5.9526299159480024e-15,
        9.259280311812892e-16,
        1.0,
        212.11000061035156
      ],
      [
        0.0,
        0.0,
        0.0,
        1.0
      ]
    ],
    "44": [
      [
        0.9919469952583313,
        -0.12665200233459473,
        -5.790500186547004e-15,
        3198.81005859375
      ],
      [
        0.12665200233459473,
        0.9919469952583313,
        -1.6482600467869826e-15,
        10234.7998046875
      ],
      [
        5.9526299159480024e-15,
        9.016080211997238e-16,
        1.0,
        212.11000061035156
      ],
      [
        0.0,
        0.0,
        0.0,
        1.0
      ]
    ],
    "45": [
      [
        0.9910029768943787,
        -0.13383999466896057,
        -5.7816999377415055e-15,
        3187.110107421875
      ],
      [
        0.13383999466896057,
        0.9910029768943787,
        -1.6658100400584997e-15,
        10232.099609375
      ],
      [
        5.9526299159480024e-15,
        8.76999014164467e-16,
        1.0,
        212.11000061035156
      ],
      [
        0.0,
        0.0,
        0.0,
        1.0
      ]
    ],
    "46": [
      [
        0.9899709820747375,
        -0.1412689983844757,
        -5.772570193119525e-15,
        3175.389892578125
      ],
      [
        0.1412689983844757,
        0.9899709820747375,
        -1.6843799668776293e-15,
        10229.400390625
      ],
      [
        5.9526299159480024e-15,
        8.520059835667487e-16,
        1.0,
        212.11000061035156
      ],
      [
        0.0,
        0.0,
        0.0,
        1.0
      ]
    ],
    "47": [
      [
        0.988385021686554,
        -0.1519709974527359,
        -5.763119846527009e-15,
        3163.659912109375
      ],
      [
        0.1519709974527359,
        0.988385021686554,
        -1.7040000027931175e-15,
        10226.5
      ],
      [
        5.9551400980871905e-15,
        8.083780163711991e-16,
        1.0,
        212.11000061035156
      ],
      [
        0.0,
        0.0,
        0.0,
        1.0
      ]
    ],
    "48": [
      [
        0.9857119917869568,
        -0.16843800246715546,
        -5.753370073787638e-15,
        3151.969970703125
      ],
      [
        0.16843800246715546,
        0.9857119917869568,
        -1.7245899973123303e-15,
        10223.5
      ],
      [
        5.9616499698033135e-15,
        7.308579845549592e-16,
        1.0,
        212.11000061035156
      ],
      [
        0.0,
        0.0,
        0.0,
        1.0
      ]
    ],
    "49": [
      [
        0.9817690253257751,
        -0.19007599353790283,
        -5.743309863473099e-15,
        3140.31005859375
      ],
      [
        0.19007599353790283,
        0.9817690253257751,
        -1.7461499504352676e-15,
        10220.2998046875
      ],
      [
        5.9705099344315934e-15,
        6.226559841694451e-16,
        1.0,
        212.11000061035156
      ],
      [
        0.0,
        0.0,
        0.0,
        1.0
      ]
    ],
    "50": [
      [
        0.9763339757919312,
        -0.21626999974250793,
        -5.732940062616338e-15,
        3128.68994140625
      ],
      [
        0.21626999974250793,
        0.9763339757919312,
        -1.7686999791944268e-15,
        10217.099609375
      ],
      [
        5.9797798630063445e-15,
        4.86979993683705e-16,
        1.0,
        212.11000061035156
      ],
      [
        0.0,
        0.0,
        0.0,
        1.0
      ]
    ],
    "51": [
      [
        0.9691709876060486,
        -0.24638999998569489,
        -5.722250083305515e-15,
        3117.1201171875
      ],
      [
        0.24638999998569489,
        0.9691709876060486,
        -1.7922399777106895e-15,
        10213.7001953125
      ],
      [
        5.987429841069472e-15,
        3.2708600774698435e-16,
        1.0,
        212.11000061035156
      ],
      [
        0.0,
        0.0,
        0.0,
        1.0
      ]
    ],
    "52": [
      [
        0.9600629806518555,
        -0.2797839939594269,
        -5.71122002026637e-15,
        3105.580078125
      ],
      [
        0.2797839939594269,
        0.9600629806518555,
        -1.816770051863174e-15,
        10210.099609375
      ],
      [
        5.991440118558247e-15,
        1.4630999944759523e-16,
        1.0,
        212.11000061035156
      ],
      [
        0.0,
        0.0,
        0.0,
        1.0
      ]
    ],
    "53": [
      [
        0.9488300085067749,
        -0.3157869875431061,
        -5.6998498734989016e-15,
        3094.090087890625
      ],
      [
        0.3157869875431061,
        0.9488300085067749,
        -1.8423000484098923e-15,
        10206.5
      ],
      [
        5.98995992848292e-15,
        -5.191310085510937e-17,
        1.0,
        212.11000061035156
      ],
      [
        0.0,
        0.0,
        0.0,
        1.0
      ]
    ],
    "54": [
      [
        0.9353479743003845,
        -0.3537279963493347,
        -5.688120161245324e-15,
        3082.639892578125
      ],
      [
        0.3537279963493347,
        0.9353479743003845,
        -1.868820014713714e-15,
        10202.599609375
      ],
      [
        5.981429883187596e-15,
        -2.640479893975268e-16,
        1.0,
        212.11000061035156
      ],
      [
        0.0,
        0.0,
        0.0,
        1.0
      ]
    ],
    "55": [
      [
        0.9195680022239685,
        -0.3929310142993927,
        -5.676019872077323e-15,
        3071.22998046875
      ],
      [
        0.3929310142993927,
        0.9195680022239685,
        -1.8963399034117694e-15,
        10198.7001953125
      ],
      [
        5.964620090832861e-15,
        -4.86473997376839e-16,
        1.0,
        212.11000061035156
      ],
      [
        0.0,
        0.0,
        0.0,
        1.0
      ]
    ],
    "56": [
      [
        0.9015219807624817,
        -0.43273401260375977,
        -5.6636400620367275e-15,
        3059.8701171875
      ],
      [
        0.43273401260375977,
        0.9015219807624817,
        -1.9244300570415637e-15,
        10194.599609375
      ],
      [
        5.938659801548937e-15,
        -7.159319934749175e-16,
        1.0,
        212.11000061035156
      ],
      [
        0.0,
        0.0,
        0.0,
        1.0
      ]
    ],
    "57": [
      [
        0.8813440203666687,
        -0.47247499227523804,
        -5.65069019882263e-15,
        3048.580078125
      ],
      [
        0.47247499227523804,
        0.8813440203666687,
        -1.954300038651776e-15,
        10190.400390625
      ],
      [
        5.90356002676414e-15,
        -9.474049750753956e-16,
        1.0,
        212.11000061035156
      ],
      [
        0.0,
        0.0,
        0.0,
        1.0
      ]
    ],
    "58": [
      [
        0.8592439889907837,
        -0.5115650296211243,
        -5.637440062428731e-15,
        3037.330078125
      ],
      [
        0.5115650296211243,
        0.8592439889907837,
        -1.9847299090401237e-15,
        10186.099609375
      ],
      [
        5.859250039227373e-15,
        -1.1785499961066087e-15,
        1.0,
        212.11000061035156
      ],
      [
        0.0,
        0.0,
        0.0,
        1.0
      ]
    ],
    "59": [
      [
        0.8355330228805542,
        -0.5494400262832642,
        -5.6237600568141005e-15,
        3026.139892578125
      ],
      [
        0.5494400262832642,
        0.8355330228805542,
        -2.0161400083066813e-15,
        10181.599609375
      ],
      [
        5.806590000896573e-15,
        -1.405369961030023e-15,
        1.0,
        212.11000061035156
      ],
      [
        0.0,
        0.0,
        0.0,
        1.0
      ]
    ],
    "60": [
      [
        0.8106070160865784,
        -0.5855900049209595,
        -5.609640017583371e-15,
        3014.989990234375
      ],
      [
        0.5855900049209595,
        0.8106070160865784,
        -2.0485299129349753e-15,
        10176.900390625
      ],
      [
        5.746819968006521e-15,
        -1.6243999756957762e-15,
        1.0,
        212.11000061035156
      ],
      [
        0.0,
        0.0,
        0.0,
        1.0
      ]
    ],
    "61": [
      [
        0.7849419713020325,
        -0.6195690035820007,
        -5.5950799447365435e-15,
        3003.889892578125
      ],
      [
        0.6195690035820007,
        0.7849419713020325,
        -2.081879929408982e-15,
        10172.099609375
      ],
      [
        5.6816801697473496e-15,
        -1.8323800220481235e-15,
        1.0,
        212.11000061035156
      ],
      [
        0.0,
        0.0,
        0.0,
        1.0
      ]
    ],
    "62": [
      [
        0.759082019329071,
        -0.6509950160980225,
        -5.580040027725096e-15,
        2992.840087890625
      ],
      [
        0.6509950160980225,
        0.759082019329071,
        -2.116200010365832e-15,
        10167.2001953125
      ],
      [
        5.613350021892345e-15,
        -2.026209959500114e-15,
        1.0,
        212.11000061035156
      ],
      [
        0.0,
        0.0,
        0.0,
        1.0
      ]
    ],
    "63": [
      [
        0.7336230278015137,
        -0.6795560121536255,
        -5.564519843032556e-15,
        2981.840087890625
      ],
      [
        0.6795560121536255,
        0.7336230278015137,
        -2.1514700387730273e-15,
        10162.099609375
      ],
      [
        5.544310060427542e-15,
        -2.2030299930635806e-15,
        1.0,
        212.11000061035156
      ],
      [
        0.0,
        0.0,
        0.0,
        1.0
      ]
    ],
    "64": [
      [
        0.7092049717903137,
        -0.7050020098686218,
        -5.548499908901135e-15,
        2970.889892578125
      ],
      [
        0.7050020098686218,
        0.7092049717903137,
        -2.187680061993438e-15,
        10156.900390625
      ],
      [
        5.477349988364721e-15,
        -2.360189968404801e-15,
        1.0,
        212.11000061035156
      ],
      [
        0.0,
        0.0,
        0.0,
        1.0
      ]
    ],
    "65": [
      [
        0.6864910125732422,
        -0.7271379828453064,
        -5.5319598965401e-15,
        2960.0
      ],
      [
        0.7271379828453064,
        0.6864910125732422,
        -2.2248199156316975e-15,
        10151.5
      ],
      [
        5.41540011618491e-15,
        -2.4951699625056943e-15,
        1.0,
        212.11000061035156
      ],
      [
        0.0,
        0.0,
        0.0,
        1.0
      ]
    ],
    "66": [
      [
        0.6661549806594849,
        -0.7458130121231079,
        -5.514879900675191e-15,
        2949.14990234375
      ],
      [
        0.7458130121231079,
        0.6661549806594849,
        -2.2628800705671486e-15,
        10145.900390625
      ],
      [
        5.3614500466754415e-15,
        -2.6056399994866e-15,
        1.0,
        212.11000061035156
      ],
      [
        0.0,
        0.0,
        0.0,
        1.0
      ]
    ],
    "67": [
      [
        0.6489319801330566,
        -0.7608460187911987,
        -5.4973899408638106e-15,
        2938.43994140625
      ],
      [
        0.7608460187911987,
        0.6489319801330566,
        -2.3015399248292557e-15,
        10140.2998046875
      ],
      [
        5.318549945479379e-15,
        -2.689119966877958e-15,
        1.0,
        212.11000061035156
      ],
      [
        0.0,
        0.0,
        0.0,
        1.0
      ]
    ],
    "68": [
      [
        0.6355239748954773,
        -0.7720819711685181,
        -5.479550156445214e-15,
        2927.919921875
      ],
      [
        0.7720819711685181,
        0.6355239748954773,
        -2.34058009688468e-15,
        10134.599609375
      ],
      [
        5.289500103520346e-15,
        -2.7431699862752023e-15,
        1.0,
        212.11000061035156
      ],
      [
        0.0,
        0.0,
        0.0,
        1.0
      ]
    ],
    "69": [
      [
        0.6264209747314453,
        -0.7794849872589111,
        -5.461150059732009e-15,
        2917.449951171875
      ],
      [
        0.7794849872589111,
        0.6264209747314453,
        -2.3804399850748097e-15,
        10128.7001953125
      ],
      [
        5.276499841845887e-15,
        -2.76573007355061e-15,
        1.0,
        212.11000061035156
      ],
      [
        0.0,
        0.0,
        0.0,
        1.0
      ]
    ],
    "70": [
      [
        0.6217619776725769,
        -0.7832059860229492,
        -5.442170168966408e-15,
        2907.030029296875
      ],
      [
        0.7832059860229492,
        0.6217619776725769,
        -2.421110060278988e-15,
        10122.599609375
      ],
      [
        5.279970135830788e-15,
        -2.7569899640843666e-15,
        1.0,
        212.11000061035156
      ],
      [
        0.0,
        0.0,
        0.0,
        1.0
      ]
    ],
    "71": [
      [
        0.6212019920349121,
        -0.7836499810218811,
        -5.422590155357678e-15,
        2896.659912109375
      ],
      [
        0.7836499810218811,
        0.6212019920349121,
        -2.4625799463436114e-15,
        10116.400390625
      ],
      [
        5.298319834083631e-15,
        -2.7196599515494487e-15,
        1.0,
        212.11000061035156
      ],
      [
        0.0,
        0.0,
        0.0,
        1.0
      ]
    ],
    "72": [
      [
        0.6243230104446411,
        -0.7811669707298279,
        -5.402390113631557e-15,
        2886.35009765625
      ],
      [
        0.7811669707298279,
        0.6243230104446411,
        -2.5048000918412652e-15,
        10110.099609375
      ],
      [
        5.329510128300376e-15,
        -2.656359908851714e-15,
        1.0,
        212.11000061035156
      ],
      [
        0.0,
        0.0,
        0.0,
        1.0
      ]
    ],
    "73": [
      [
        0.6306660175323486,
        -0.7760540246963501,
        -5.3815700437880466e-15,
        2876.10009765625
      ],
      [
        0.7760540246963501,
        0.6306660175323486,
        -2.547780025892606e-15,
        10103.599609375
      ],
      [
        5.371190078535919e-15,
        -2.5695900654932203e-15,
        1.0,
        212.11000061035156
      ],
      [
        0.0,
        0.0,
        0.0,
        1.0
      ]
    ],
    "74": [
      [
        0.6397500038146973,
        -0.7685829997062683,
        -5.360090135278625e-15,
        2865.889892578125
      ],
      [
        0.7685829997062683,
        0.6397500038146973,
        -2.591469985311983e-15,
        10096.900390625
      ],
      [
        5.420879995837171e-15,
        -2.4617799237249298e-15,
        1.0,
        212.11000061035156
      ],
      [
        0.0,
        0.0,
        0.0,
        1.0
      ]
    ],
    "75": [
      [
        0.6510779857635498,
        -0.7590109705924988,
        -5.337949964586818e-15,
        2855.739990234375
      ],
      [
        0.7590109705924988,
        0.6510779857635498,
        -2.635850064825135e-15,
        10090.099609375
      ],
      [
        5.476059957186053e-15,
        -2.3354100195328766e-15,
        1.0,
        212.11000061035156
      ],
      [
        0.0,
        0.0,
        0.0,
        1.0
      ]
    ],
    "76": [
      [
        0.6510779857635498,
        -0.7590109705924988,
        -5.337949964586818e-15,
        2855.739990234375
      ],
      [
        0.7590109705924988,
        0.6510779857635498,
        -2.635850064825135e-15,
        10090.099609375
      ],
      [
        5.476059957186053e-15,
        -2.3354100195328766e-15,
        1.0,
        212.11000061035156
      ],
      [
        0.0,
        0.0,
        0.0,
        1.0
      ]
    ]
  },
  "tgt_cam": {
    "0": [
      [
        0.664152979850769,
        -0.7475969791412354,
        -5.315119885559473e-15,
        2845.64990234375
      ],
      [
        0.7475969791412354,
        0.664152979850769,
        -2.6808999356413288e-15,
        10083.2001953125
      ],
      [
        5.53427991978263e-15,
        -2.1930400864836634e-15,
        1.0,
        212.11000061035156
      ],
      [
        0.0,
        0.0,
        0.0,
        1.0
      ]
    ],
    "1": [
      [
        0.664152979850769,
        -0.7475969791412354,
        -5.315119885559473e-15,
        2845.64990234375
      ],
      [
        0.7475969791412354,
        0.664152979850769,
        -2.6808999356413288e-15,
        10083.2001953125
      ],
      [
        5.53427991978263e-15,
        -2.1930400864836634e-15,
        1.0,
        212.11000061035156
      ],
      [
        0.0,
        0.0,
        0.0,
        1.0
      ]
    ],
    "2": [
      [
        0.6784849762916565,
        -0.7346140146255493,
        -5.291610062591956e-15,
        2835.610107421875
      ],
      [
        0.7346140146255493,
        0.6784849762916565,
        -2.7265799989702796e-15,
        10076.0
      ],
      [
        5.593260094449368e-15,
        -2.037349925064166e-15,
        1.0,
        212.11000061035156
      ],
      [
        0.0,
        0.0,
        0.0,
        1.0
      ]
    ],
    "3": [
      [
        0.6938250064849854,
        -0.7201439738273621,
        -5.2679799609459295e-15,
        2825.8701171875
      ],
      [
        0.7201439738273621,
        0.6938250064849854,
        -2.7717200787953557e-15,
        10068.900390625
      ],
      [
        5.651089998373734e-15,
        -1.8706199597266293e-15,
        1.0,
        212.11000061035156
      ],
      [
        0.0,
        0.0,
        0.0,
        1.0
      ]
    ],
    "4": [
      [
        0.709646999835968,
        -0.7045570015907288,
        -5.2413500921172015e-15,
        2816.360107421875
      ],
      [
        0.7045570015907288,
        0.709646999835968,
        -2.821700104881043e-15,
        10061.7998046875
      ],
      [
        5.707559990901284e-15,
        -1.690419947066263e-15,
        1.0,
        212.11000061035156
      ],
      [
        0.0,
        0.0,
        0.0,
        1.0
      ]
    ],
    "5": [
      [
        0.7253640294075012,
        -0.6883659958839417,
        -5.2062498938159306e-15,
        2806.889892578125
      ],
      [
        0.6883659958839417,
        0.7253640294075012,
        -2.8859600476662537e-15,
        10054.5
      ],
      [
        5.763019896639233e-15,
        -1.4904299625053655e-15,
        1.0,
        212.11000061035156
      ],
      [
        0.0,
        0.0,
        0.0,
        1.0
      ]
    ],
    "6": [
      [
        0.7405840158462524,
        -0.6719639897346497,
        -5.1702001715807876e-15,
        2797.47998046875
      ],
      [
        0.6719639897346497,
        0.7405840158462524,
        -2.950049948587303e-15,
        10047.099609375
      ],
      [
        5.811299927599781e-15,
        -1.2894299970339857e-15,
        1.0,
        212.11000061035156
      ],
      [
        0.0,
        0.0,
        0.0,
        1.0
      ]
    ],
    "7": [
      [
        0.754951000213623,
        -0.6557809710502625,
        -5.133230148048453e-15,
        2788.1201171875
      ],
      [
        0.6557809710502625,
        0.754951000213623,
        -3.01392004445854e-15,
        10039.5
      ],
      [
        5.851810125335165e-15,
        -1.0909199907901783e-15,
        1.0,
        212.11000061035156
      ],
      [
        0.0,
        0.0,
        0.0,
        1.0
      ]
    ],
    "8": [
      [
        0.7681469917297363,
        -0.6402729749679565,
        -4.246130001290182e-15,
        2778.800048828125
      ],
      [
        0.6402729749679565,
        0.7681469917297363,
